
strategic_region={
	id=104
	name="STRATEGICREGION_104"
	provinces={
		73 90 109 127 255 262 356 406 441 474 500 541 586 656 662 667 727 761 785 815 822 837 840 959 1008 1027 1080 1113 1137 1199 1230 1243 1314 1367 1375 1450 1551 1560 1661 1667 1698 1711 1736 1836 1842 1858 1974 1981 1984 2066 2067 2069 2126 2267 2299 2312 2360 2443 2469 2510 2566 2581 2589 2598 2627 2654 2664 2703 2712 2727 2749 2762 2801 2810 2872 2891 2899 2956 2972 2981 2982 3004 3049 3074 3089 3095 3099 3113 3120 3141 3146 3179 3202 3315 3338 3458 3500 3567 3678 3767 3780 3782 3823 3874 3877 3890 3964 4037 4049 4071 4088 4092 4139 4148 4171 4176 4211 4227 4228 4300 4319 4363 4369 4403 4530 4552 4555 4561 4577 4641 4668 4693 4751 4780 4799 4874 4898 4944 4973 4980 4982 5018 5044 5047 5064 5067 5115 5188 5239 5244 5249 5339 5371 5413 5442 5545 5551 5634 5638 5679 5834 5837 5850 5876 5887 5909 5921 5960 5986 6031 6040 6045 6078 6112 6127 6198 6208 6215 6239 6434 6435 6443 6452 6458 6463 6575 6641 6647 6714 6744 6802 6806 6871 6909 6931 7087 7089 7122 7234 7260 7304 7337 7408 7474 7578 7591 7615 7658 7663 7669 7698 7820 7905 7919 7943 8116 8150 8170 8224 8296 8305 8401 8408 8462 8487 8506 8510 8524 8536 8584 8663 8675 8679 8699 8736 8766 8771 8847 8987 9134 9166 9211 9227 9286 9363 9501 9593 9599 9614 9642 9663 9676 9743 9744 9796 9814 9834 9843 9852 9902 10002 10153 10159 10167 10220 10224 10241 10285 10357 10473 10482 10485 10513 10692 10737 10825 10898 10930 10934 10993 11023 11114 11174 11199 11206 11232 11253 11256 11269 11280 11425 11426 11486 11600 11754 11851 11943 11989 12001 12068 12087 12123 12181 12260 12305 12331 12349 12380 12403 12412 12619 12627 12654 12926 12963 12990 12999 13050 13080 13098 13106 13108 13124 13125 13149 13195 13206 13213 13220 13239 13243 13257 13262 13269 13273 13290 13309 13320 13324 13335 13342 13350 13359 13372 13373 13374 13382 13391 13392 13398 13413 13414 13454 13461 13463 13469 13475 13476 13489 13506 13518 13520 13521 13522 13531 13554 13555 13558 13563 13577 13587 13588 13595 13611 13617 13621 13629 13634 13639 13653 13664 13665 13676 13690 13695 13701 13710 13726 13729 13734 13746 13747 13760 13770 13789 13797 13800 13804 13843 13856 13865 13877 13878 13881 13882 13889 13939 13944 13957 13970 13980 13993 14018 14031 14034 14042 14060 14068 14071 14122 14123 14124 14133 14142 14143 14148 14182 14191 14223 14239 14275 14276 14280 14305 14341 14387 14388 14404 14430 14431 14444 14445 14521 14539 14550 14577 14617 14627 14628 14641 14657 14667 14673 14674 14706 14741 14755 14768 14788 14815 14828 14829 14877 14888 14920 14943 14968 14980 14981 15035 15036 15052 15053 15068 15107 15138 15153 15228 15256 15288 15413 
	}
	weather={
		period={
			between={ 0.0 30.0 }
			temperature={ -4.0 13.0 }
			no_phenomenon=0.500
			rain_light=1.000
			rain_heavy=0.150
			snow=0.200
			blizzard=0.000
			arctic_water=0.000
			mud=0.300
			sandstorm=0.000
			min_snow_level=0.000
		}
		period={
			between={ 0.1 27.1 }
			temperature={ -5.0 13.0 }
			no_phenomenon=0.500
			rain_light=1.000
			rain_heavy=0.150
			snow=0.200
			blizzard=0.050
			arctic_water=0.000
			mud=0.300
			sandstorm=0.000
			min_snow_level=0.000
		}
		period={
			between={ 0.2 30.2 }
			temperature={ -2.0 15.0 }
			no_phenomenon=0.500
			rain_light=1.000
			rain_heavy=0.150
			snow=0.150
			blizzard=0.000
			arctic_water=0.000
			mud=0.300
			sandstorm=0.000
			min_snow_level=0.000
		}
		period={
			between={ 0.3 29.3 }
			temperature={ 1.0 15.0 }
			no_phenomenon=0.500
			rain_light=1.000
			rain_heavy=0.150
			snow=0.000
			blizzard=0.000
			arctic_water=0.000
			mud=0.300
			sandstorm=0.000
			min_snow_level=0.000
		}
		period={
			between={ 0.4 30.4 }
			temperature={ 4.0 18.0 }
			no_phenomenon=0.500
			rain_light=1.000
			rain_heavy=0.150
			snow=0.000
			blizzard=0.000
			arctic_water=0.000
			mud=0.300
			sandstorm=0.000
			min_snow_level=0.000
		}
		period={
			between={ 0.5 29.5 }
			temperature={ 7.0 21.0 }
			no_phenomenon=0.500
			rain_light=1.000
			rain_heavy=0.150
			snow=0.000
			blizzard=0.000
			arctic_water=0.000
			mud=0.300
			sandstorm=0.000
			min_snow_level=0.000
		}
		period={
			between={ 0.6 30.6 }
			temperature={ 8.0 22.0 }
			no_phenomenon=0.500
			rain_light=1.000
			rain_heavy=0.150
			snow=0.000
			blizzard=0.000
			arctic_water=0.000
			mud=0.300
			sandstorm=0.000
			min_snow_level=0.000
		}
		period={
			between={ 0.7 30.7 }
			temperature={ 7.0 22.0 }
			no_phenomenon=0.500
			rain_light=1.000
			rain_heavy=0.150
			snow=0.000
			blizzard=0.000
			arctic_water=0.000
			mud=0.300
			sandstorm=0.000
			min_snow_level=0.000
		}
		period={
			between={ 0.8 29.8 }
			temperature={ 5.0 20.0 }
			no_phenomenon=0.500
			rain_light=1.000
			rain_heavy=0.150
			snow=0.000
			blizzard=0.000
			arctic_water=0.000
			mud=0.300
			sandstorm=0.000
			min_snow_level=0.000
		}
		period={
			between={ 0.9 30.9 }
			temperature={ 3.0 17.0 }
			no_phenomenon=0.500
			rain_light=1.000
			rain_heavy=0.150
			snow=0.050
			blizzard=0.000
			arctic_water=0.000
			mud=0.300
			sandstorm=0.000
			min_snow_level=0.000
		}
		period={
			between={ 0.10 29.10 }
			temperature={ -1.0 14.0 }
			no_phenomenon=0.500
			rain_light=1.000
			rain_heavy=0.150
			snow=0.210
			blizzard=0.000
			arctic_water=0.000
			mud=0.300
			sandstorm=0.000
			min_snow_level=0.000
		}
		period={
			between={ 0.11 30.11 }
			temperature={ -3.0 13.0 }
			no_phenomenon=0.500
			rain_light=1.000
			rain_heavy=0.150
			snow=0.200
			blizzard=0.000
			arctic_water=0.000
			mud=0.300
			sandstorm=0.000
			min_snow_level=0.000
		}
	}
}
