
strategic_region={
	id=105
	name="STRATEGICREGION_105"
	provinces={
		100 152 193 258 268 370 477 502 525 595 704 795 930 1005 1069 1108 1201 1226 1244 1266 1267 1360 1415 1425 1455 1541 1655 1689 1741 1833 1957 2038 2078 2174 2249 2425 2452 2455 2487 2659 2661 2667 2671 2682 2846 2885 2905 3000 3012 3015 3103 3229 3384 3420 3429 3507 3548 3581 3595 3596 3624 3658 3679 3731 3743 3861 3908 3937 3946 3996 4059 4204 4240 4251 4257 4328 4336 4348 4394 4468 4469 4496 4510 4549 4557 4596 4649 4835 4843 4849 4942 4950 5014 5140 5187 5191 5208 5218 5281 5300 5311 5338 5374 5384 5447 5450 5522 5588 5596 5793 5852 5884 5973 5981 5989 6117 6151 6220 6310 6311 6318 6333 6343 6372 6550 6595 6718 6721 6809 6839 6876 6946 6981 7014 7083 7145 7187 7244 7257 7320 7373 7379 7466 7505 7553 7559 7600 7607 7637 7680 7730 7756 7804 7819 8006 8017 8024 8087 8176 8217 8223 8303 8348 8389 8405 8418 8483 8484 8518 8554 8595 8632 8638 8716 8797 8827 8931 8972 9031 9043 9055 9081 9102 9105 9111 9136 9176 9180 9199 9285 9325 9340 9356 9399 9479 9565 9569 9679 9778 9811 9854 9887 9893 9896 9925 9963 9980 10087 10132 10135 10268 10442 10518 10535 10581 10631 10634 10646 10727 10741 10773 10777 10905 10973 10982 10995 11046 11094 11146 11212 11249 11313 11314 11338 11473 11521 11532 11552 11579 11645 11656 11676 11726 11748 11750 11835 11837 11929 11988 12042 12048 12097 12098 12130 12315 12401 12476 12494 12496 12586 13571 13681 13694 13737 13753 13784 13816 13855 13864 13897 13902 13913 13914 13932 13943 13956 13962 13963 14011 14017 14030 14038 14039 14051 14059 14093 14113 14114 14120 14127 14132 14181 14203 14222 14231 14254 14267 14268 14288 14316 14317 14318 14325 14326 14357 14358 14367 14377 14385 14386 14392 14398 14411 14412 14450 14460 14461 14466 14485 14486 14505 14506 14507 14520 14531 14572 14581 14582 14583 14590 14591 14604 14605 14615 14616 14640 14655 14656 14672 14684 14685 14727 14728 14729 14753 14754 14767 14814 14827 14845 14849 14854 14855 14856 14862 14893 14894 14918 14919 14928 14929 14959 14967 14979 14992 15008 15009 15021 15034 15067 15084 15151 15159 15160 15168 15169 15177 15186 15187 15226 15243 15286 15302 15303 15312 15334 15335 15360 15383 15384 15398 15411 15427 15428 15441 15496 15497 15507 15540 15541 15553 15574 15601 15619 15620 15621 15628 15629 15689 15690 15710 15728 15729 15730 15796 15828 15840 15841 15854 15882 15883 15982 16022 16030 16041 16078 16102 16103 16141 16142 16155 16228 16269 16374 16414 30178 30180 
	}
	weather={
		period={
			between={ 0.0 30.0 }
			temperature={ -4.0 13.0 }
			no_phenomenon=0.500
			rain_light=1.000
			rain_heavy=0.150
			snow=0.200
			blizzard=0.000
			arctic_water=0.000
			mud=0.300
			sandstorm=0.000
			min_snow_level=0.000
		}
		period={
			between={ 0.1 27.1 }
			temperature={ -5.0 13.0 }
			no_phenomenon=0.500
			rain_light=1.000
			rain_heavy=0.150
			snow=0.200
			blizzard=0.050
			arctic_water=0.000
			mud=0.300
			sandstorm=0.000
			min_snow_level=0.000
		}
		period={
			between={ 0.2 30.2 }
			temperature={ -2.0 15.0 }
			no_phenomenon=0.500
			rain_light=1.000
			rain_heavy=0.150
			snow=0.150
			blizzard=0.000
			arctic_water=0.000
			mud=0.300
			sandstorm=0.000
			min_snow_level=0.000
		}
		period={
			between={ 0.3 29.3 }
			temperature={ 1.0 15.0 }
			no_phenomenon=0.500
			rain_light=1.000
			rain_heavy=0.150
			snow=0.000
			blizzard=0.000
			arctic_water=0.000
			mud=0.300
			sandstorm=0.000
			min_snow_level=0.000
		}
		period={
			between={ 0.4 30.4 }
			temperature={ 4.0 18.0 }
			no_phenomenon=0.500
			rain_light=1.000
			rain_heavy=0.150
			snow=0.000
			blizzard=0.000
			arctic_water=0.000
			mud=0.300
			sandstorm=0.000
			min_snow_level=0.000
		}
		period={
			between={ 0.5 29.5 }
			temperature={ 7.0 21.0 }
			no_phenomenon=0.500
			rain_light=1.000
			rain_heavy=0.150
			snow=0.000
			blizzard=0.000
			arctic_water=0.000
			mud=0.300
			sandstorm=0.000
			min_snow_level=0.000
		}
		period={
			between={ 0.6 30.6 }
			temperature={ 8.0 22.0 }
			no_phenomenon=0.500
			rain_light=1.000
			rain_heavy=0.150
			snow=0.000
			blizzard=0.000
			arctic_water=0.000
			mud=0.300
			sandstorm=0.000
			min_snow_level=0.000
		}
		period={
			between={ 0.7 30.7 }
			temperature={ 7.0 22.0 }
			no_phenomenon=0.500
			rain_light=1.000
			rain_heavy=0.150
			snow=0.000
			blizzard=0.000
			arctic_water=0.000
			mud=0.300
			sandstorm=0.000
			min_snow_level=0.000
		}
		period={
			between={ 0.8 29.8 }
			temperature={ 5.0 20.0 }
			no_phenomenon=0.500
			rain_light=1.000
			rain_heavy=0.150
			snow=0.000
			blizzard=0.000
			arctic_water=0.000
			mud=0.300
			sandstorm=0.000
			min_snow_level=0.000
		}
		period={
			between={ 0.9 30.9 }
			temperature={ 3.0 17.0 }
			no_phenomenon=0.500
			rain_light=1.000
			rain_heavy=0.150
			snow=0.050
			blizzard=0.000
			arctic_water=0.000
			mud=0.300
			sandstorm=0.000
			min_snow_level=0.000
		}
		period={
			between={ 0.10 29.10 }
			temperature={ -1.0 14.0 }
			no_phenomenon=0.500
			rain_light=1.000
			rain_heavy=0.150
			snow=0.210
			blizzard=0.000
			arctic_water=0.000
			mud=0.300
			sandstorm=0.000
			min_snow_level=0.000
		}
		period={
			between={ 0.11 30.11 }
			temperature={ -3.0 13.0 }
			no_phenomenon=0.500
			rain_light=1.000
			rain_heavy=0.150
			snow=0.200
			blizzard=0.000
			arctic_water=0.000
			mud=0.300
			sandstorm=0.000
			min_snow_level=0.000
		}
	}
}
