
strategic_region={
	id=159
	name="STRATEGICREGION_159"
	provinces={
		3341 4636 5774 6402 6564 22540 22542 22543 22554 22556 22557 22715 22745 22771 22843 22902 22903 22904 23016 23073 23117 23149 23162 23169 23182 23193 23219 23228 23359 23456 23498 23540 23551 23585 23727 23772 23802 23950 23957 24013 24150 24174 24259 24298 24319 24335 24424 24454 24460 24573 24703 24729 24783 24885 24995 25096 25119 25167 25199 25204 25209 25221 25265 25283 25295 25375 25437 25492 25583 25745 25751 25927 26037 26051 26099 26272 26493 26524 26542 26593 26640 26769 26775 26780 26847 26954 27037 27121 27150 27364 27382 27447 27578 27611 27645 27655 27680 27692 27778 27804 27860 27917 27932 27950 27978 27979 27983 28027 28062 29525 29533 29535 29543 29545 29560 29574 29580 29582 29585 29601 29606 29624 29626 29630 29644 29651 29658 29665 29673 29681 29687 29699 29701 29714 29717 29728 29729 29738 29754 29757 29765 29788 
	}
	naval_terrain=water_fjords
	weather={
	}
}
