
strategic_region={
	id=178
	name="STRATEGICREGION_178"
	provinces={
		244 628 664 1829 1991 2122 2205 2689 2808 3199 3284 3544 3613 3800 3804 3981 4075 4685 4786 4840 4920 5053 5709 6479 6698 7043 7060 7107 7402 7529 7573 8435 8930 9179 9231 9714 10012 10336 10697 11205 11213 11245 11381 11797 11892 12330 12367 12672 21740 21757 21759 21775 21800 21916 21931 21936 21959 21963 21986 21989 21995 22011 22049 22114 22163 22349 22353 22369 22415 22526 22537 22541 22544 22575 22584 22591 22606 22618 22631 22641 22644 22652 22676 22677 22689 22707 22734 22737 22738 22743 22789 22795 22798 22836 22839 22849 22851 22855 22875 22878 22907 22944 22952 22986 23023 23026 23032 23034 23047 23068 23081 23100 23105 23121 23127 23129 23165 23191 23221 23230 23238 23244 23265 23267 23268 23274 23275 23280 23296 23297 23325 23331 23345 23351 23372 23375 23391 23393 23400 23421 23437 23440 23446 23451 23463 23478 23499 23511 23514 23529 23533 23574 23576 23579 23582 23601 23640 23659 23660 23698 23704 23705 23716 23718 23734 23753 23760 23761 23763 23764 23767 23786 23790 23791 23794 23809 23825 23846 23847 23856 23866 23867 23876 23883 23892 23893 23903 23914 23917 23922 23949 23968 23970 23974 23979 23990 24001 24008 24011 24048 24053 24062 24090 24094 24095 24111 24116 24118 24138 24151 24155 24163 24177 24181 24189 24217 24224 24249 24250 24277 24281 24285 24292 24304 24308 24340 24344 24351 24359 24361 24362 24369 24374 24375 24380 24387 24388 24398 24399 24416 24425 24449 24455 24462 24480 24481 24493 24499 24508 24518 24538 24539 24540 24566 24570 24587 24588 24594 24627 24628 24641 24648 24667 24671 24677 24685 24690 24719 24722 24730 24733 24741 24746 24765 24772 24797 24816 24821 24823 24829 24834 24835 24837 24877 24893 24894 24912 24917 24919 24921 24923 24932 24934 24957 24974 24976 24987 25008 25031 25033 25058 25062 25088 25097 25102 25114 25122 25128 25149 25175 25183 25210 25227 25230 25233 25260 25261 25268 25272 25279 25286 25336 25377 25388 25398 25402 25419 25430 25444 25464 25467 25472 25485 25486 25500 25503 25514 25521 25567 25568 25571 25598 25604 25625 25634 25637 25641 25642 25665 25666 25686 25689 25707 25712 25724 25744 25746 25750 25755 25774 25782 25802 25810 25826 25838 25847 25863 25872 25873 25914 25938 25940 25941 25946 25961 25968 25969 25976 26003 26023 26024 26034 26047 26062 26077 26094 26095 26097 26117 26144 26148 26149 26153 26160 26164 26171 26173 26188 26200 26207 26229 26250 26257 26262 26282 26283 26301 26312 26335 26367 26377 26386 26407 26415 26418 26421 26426 26427 26428 26447 26454 26467 26471 26486 26490 26500 26506 26517 26530 26538 26543 26577 26587 26609 26611 26614 26629 26644 26645 26654 26667 26673 26708 26713 26714 26726 26743 26764 26766 26806 26822 26823 26834 26865 26930 26941 26943 26944 26949 26979 27002 27007 27043 27047 27055 27168 27174 27176 27186 27195 27206 27209 27212 27213 27220 27221 27234 27237 27261 27263 27291 27295 27299 27306 27333 27334 27342 27350 27362 27377 27388 27403 27405 27418 27422 27429 27434 27451 27456 27463 27473 27480 27511 27536 27539 27550 27553 27560 27569 27573 27583 27601 27615 27618 27620 27634 27639 27649 27668 27697 27707 27746 27757 27765 27767 27783 27798 27800 27808 27818 27824 27831 27840 27844 27875 27880 27889 27897 27900 27911 27923 27924 27934 27942 27944 27953 27959 27998 27999 28000 28017 28063 29184 29204 29228 29229 29234 29239 29241 29242 29249 29257 29261 29266 29274 29279 29294 29297 29302 29306 29309 29313 29314 29319 29323 29324 29325 29327 29328 29331 29332 29335 29338 29340 29341 29343 29349 29352 29356 29358 29360 29363 29365 29367 29370 29377 29380 29381 29385 29389 29391 29393 29397 29398 29400 29402 29403 29404 29407 29409 29413 29414 29416 29419 29420 29422 29429 29430 29436 29444 29446 29448 29451 29452 29453 29454 29455 29458 29459 29461 29462 29463 29464 29471 29472 29473 29479 29483 29485 29487 29488 29491 29494 29500 29501 29506 29510 29511 29514 29520 29522 29523 29526 29528 29529 29536 29537 29538 29539 29544 29551 29553 29554 29555 29563 29568 29569 29579 29581 29584 29586 29588 29592 29596 29597 29598 29599 29603 29604 29607 29609 29610 29611 29612 29618 29619 29623 29631 29636 29645 29653 29655 29659 29660 29671 29678 29679 29682 29686 29703 29782 29783 29784 29786 29787 
	}
	naval_terrain=water_deep_ocean
	weather={
		period={
			between={ 0.0 30.0 }
			temperature={ -24.0 -4.0 }
			no_phenomenon=0.500
			rain_light=0.000
			rain_heavy=0.000
			snow=0.600
			blizzard=0.400
			arctic_water=0.000
			mud=0.000
			sandstorm=0.000
			min_snow_level=0.000
		}
		period={
			between={ 0.1 27.1 }
			temperature={ -28.0 -2.0 }
			no_phenomenon=0.500
			rain_light=0.000
			rain_heavy=0.000
			snow=0.600
			blizzard=0.400
			arctic_water=0.000
			mud=0.000
			sandstorm=0.000
			min_snow_level=0.000
		}
		period={
			between={ 0.2 30.2 }
			temperature={ -25.0 -1.0 }
			no_phenomenon=0.500
			rain_light=0.250
			rain_heavy=0.100
			snow=0.300
			blizzard=0.000
			arctic_water=0.000
			mud=0.000
			sandstorm=0.000
			min_snow_level=0.000
		}
		period={
			between={ 0.3 29.3 }
			temperature={ -18.0 1.0 }
			no_phenomenon=0.500
			rain_light=0.250
			rain_heavy=0.100
			snow=0.300
			blizzard=0.000
			arctic_water=0.000
			mud=0.000
			sandstorm=0.000
			min_snow_level=0.000
		}
		period={
			between={ 0.4 30.4 }
			temperature={ -8.0 8.0 }
			no_phenomenon=0.500
			rain_light=0.250
			rain_heavy=0.100
			snow=0.300
			blizzard=0.000
			arctic_water=0.000
			mud=0.000
			sandstorm=0.000
			min_snow_level=0.000
		}
		period={
			between={ 0.5 29.5 }
			temperature={ -2.0 12.0 }
			no_phenomenon=0.500
			rain_light=0.250
			rain_heavy=0.100
			snow=0.300
			blizzard=0.000
			arctic_water=0.000
			mud=0.000
			sandstorm=0.000
			min_snow_level=0.000
		}
		period={
			between={ 0.6 30.6 }
			temperature={ 0.0 15.0 }
			no_phenomenon=0.500
			rain_light=0.250
			rain_heavy=0.100
			snow=0.300
			blizzard=0.000
			arctic_water=0.000
			mud=0.000
			sandstorm=0.000
			min_snow_level=0.000
		}
		period={
			between={ 0.7 30.7 }
			temperature={ -1.0 14.0 }
			no_phenomenon=0.500
			rain_light=0.250
			rain_heavy=0.100
			snow=0.300
			blizzard=0.000
			arctic_water=0.000
			mud=0.000
			sandstorm=0.000
			min_snow_level=0.000
		}
		period={
			between={ 0.8 29.8 }
			temperature={ -4.0 11.0 }
			no_phenomenon=0.500
			rain_light=0.250
			rain_heavy=0.100
			snow=0.300
			blizzard=0.000
			arctic_water=0.000
			mud=0.000
			sandstorm=0.000
			min_snow_level=0.000
		}
		period={
			between={ 0.9 30.9 }
			temperature={ -10.0 6.0 }
			no_phenomenon=0.500
			rain_light=0.250
			rain_heavy=0.100
			snow=0.300
			blizzard=0.000
			arctic_water=0.000
			mud=0.000
			sandstorm=0.000
			min_snow_level=0.000
		}
		period={
			between={ 0.10 29.10 }
			temperature={ -16.0 1.0 }
			no_phenomenon=0.500
			rain_light=0.000
			rain_heavy=0.000
			snow=0.600
			blizzard=0.400
			arctic_water=0.000
			mud=0.000
			sandstorm=0.000
			min_snow_level=0.000
		}
		period={
			between={ 0.11 30.11 }
			temperature={ -22.0 -1.0 }
			no_phenomenon=0.500
			rain_light=0.000
			rain_heavy=0.000
			snow=0.600
			blizzard=0.400
			arctic_water=0.000
			mud=0.000
			sandstorm=0.000
			min_snow_level=0.000
		}
	}
}
