
strategic_region={
	id=187
	name="STRATEGICREGION_187"
	provinces={
		41 231 232 349 374 377 462 793 884 885 999 1016 1040 1057 1070 1212 1269 1290 1333 1335 1377 1378 1400 1403 1482 1504 1510 1513 1534 1612 1620 1642 1751 1778 1822 1866 1973 2031 2072 2086 2103 2153 2155 2431 2444 2533 2609 2639 2693 2894 2901 2919 2975 3070 3083 3105 3124 3145 3242 3250 3360 3403 3405 3419 3450 3480 3631 3668 3707 3758 3903 3920 4134 4215 4270 4281 4303 4320 4323 4324 4401 4409 4524 4657 4683 4811 4812 4859 4976 5034 5082 5156 5160 5170 5214 5216 5295 5320 5321 5453 5478 5489 5593 5619 5668 5677 5686 5766 5856 5912 5978 6059 6077 6091 6101 6114 6147 6156 6261 6266 6286 6313 6321 6326 6346 6441 6508 6556 6600 6638 6665 6673 6716 6733 6755 6766 6771 6786 6811 6872 6932 6949 6961 7008 7026 7048 7127 7130 7171 7203 7261 7273 7289 7327 7331 7363 7412 7447 7451 7538 7587 7675 7767 7785 7831 7992 8072 8074 8104 8143 8152 8177 8210 8398 8400 8437 8447 8508 8511 8539 8542 8543 8556 8674 8712 8747 8777 8798 8899 8947 8957 9027 9114 9121 9185 9221 9244 9265 9282 9290 9302 9307 9330 9338 9431 9437 9482 9493 9495 9512 9563 9583 9646 9648 9731 9735 9788 9789 9808 9823 9951 9970 9972 9990 10028 10066 10108 10115 10139 10161 10169 10187 10209 10212 10233 10237 10260 10264 10270 10362 10401 10422 10438 10448 10466 10515 10568 10606 10608 10621 10649 10684 10712 10725 10750 10752 10804 10841 10854 10866 10931 10962 11021 11079 11091 11120 11159 11222 11251 11257 11320 11393 11399 11454 11464 11485 11510 11524 11538 11578 11580 11613 11654 11681 11709 11717 11718 11742 11778 11883 11907 11939 11972 12036 12066 12119 12147 12159 12165 12198 12200 12216 12221 12247 12286 12302 12347 12406 12408 12418 12435 12461 12465 12500 12529 12580 12640 12668 14993 15050 15051 15076 15116 15117 15137 15152 15188 15200 15227 15255 15273 15274 15287 15336 15372 15373 15385 15399 15412 15429 15462 15472 15480 15481 15482 15498 15516 15530 15554 15575 15576 15588 15589 15612 15650 15664 15676 15691 15711 15712 15745 15758 15759 15782 15797 15798 15799 15842 15855 15868 15884 15885 15899 15900 15908 15923 15949 15968 15999 16007 16023 16056 16057 16079 16080 16104 16154 16159 16160 16168 16177 16178 16188 16212 16213 16214 16227 16229 16244 16254 16255 16270 16284 16291 16292 16304 16305 16315 16316 16317 16334 16335 16336 16359 16373 16375 16413 16435 16436 16447 16448 16460 16478 16490 16491 16501 16514 16531 16532 16558 16559 16560 16561 16578 16579 16592 16593 16594 16604 16615 16616 16630 16631 16642 16643 16655 16672 16685 16686 16702 16703 16704 16718 16719 16736 16746 16762 16774 16775 16790 16799 16800 16811 16824 16843 16844 16845 16846 16847 16863 16864 16876 16877 16885 16896 16923 16924 16925 16940 16941 16942 16956 16957 16970 16971 16985 16999 17006 17007 17008 17033 17034 17035 17050 17061 17078 17101 17102 17119 17120 17121 17122 17132 17133 17134 17148 17149 17150 17160 17161 17173 17183 17184 17185 17186 17196 17197 17221 17226 17227 17243 17254 17255 17256 17271 17272 17273 17299 17328 17344 17359 17379 17389 17400 17401 17402 17410 17411 17436 17437 17455 17463 17480 17486 17495 17496 17497 17507 17508 17546 17547 17548 17549 17554 17555 17569 17585 17600 17601 17602 17616 17617 17646 17669 17670 17681 17682 17683 17706 17708 17734 17735 17743 17753 17761 17771 17781 17782 17796 17808 17831 17832 17833 17834 17837 17877 17880 17898 17925 17957 18023 18033 18099 18100 18107 18108 18156 18172 18196 18197 18250 18292 18293 18344 18390 18422 18470 18484 18691 18794 30187 30188 
	}
	weather={
		period={
			between={ 0.0 30.0 }
			temperature={ -4.0 13.0 }
			no_phenomenon=0.500
			rain_light=1.000
			rain_heavy=0.150
			snow=0.200
			blizzard=0.000
			arctic_water=0.000
			mud=0.300
			sandstorm=0.000
			min_snow_level=0.000
		}
		period={
			between={ 0.1 27.1 }
			temperature={ -5.0 13.0 }
			no_phenomenon=0.500
			rain_light=1.000
			rain_heavy=0.150
			snow=0.200
			blizzard=0.050
			arctic_water=0.000
			mud=0.300
			sandstorm=0.000
			min_snow_level=0.000
		}
		period={
			between={ 0.2 30.2 }
			temperature={ -2.0 15.0 }
			no_phenomenon=0.500
			rain_light=1.000
			rain_heavy=0.150
			snow=0.150
			blizzard=0.000
			arctic_water=0.000
			mud=0.300
			sandstorm=0.000
			min_snow_level=0.000
		}
		period={
			between={ 0.3 29.3 }
			temperature={ 1.0 15.0 }
			no_phenomenon=0.500
			rain_light=1.000
			rain_heavy=0.150
			snow=0.000
			blizzard=0.000
			arctic_water=0.000
			mud=0.300
			sandstorm=0.000
			min_snow_level=0.000
		}
		period={
			between={ 0.4 30.4 }
			temperature={ 4.0 18.0 }
			no_phenomenon=0.500
			rain_light=1.000
			rain_heavy=0.150
			snow=0.000
			blizzard=0.000
			arctic_water=0.000
			mud=0.300
			sandstorm=0.000
			min_snow_level=0.000
		}
		period={
			between={ 0.5 29.5 }
			temperature={ 7.0 21.0 }
			no_phenomenon=0.500
			rain_light=1.000
			rain_heavy=0.150
			snow=0.000
			blizzard=0.000
			arctic_water=0.000
			mud=0.300
			sandstorm=0.000
			min_snow_level=0.000
		}
		period={
			between={ 0.6 30.6 }
			temperature={ 8.0 22.0 }
			no_phenomenon=0.500
			rain_light=1.000
			rain_heavy=0.150
			snow=0.000
			blizzard=0.000
			arctic_water=0.000
			mud=0.300
			sandstorm=0.000
			min_snow_level=0.000
		}
		period={
			between={ 0.7 30.7 }
			temperature={ 7.0 22.0 }
			no_phenomenon=0.500
			rain_light=1.000
			rain_heavy=0.150
			snow=0.000
			blizzard=0.000
			arctic_water=0.000
			mud=0.300
			sandstorm=0.000
			min_snow_level=0.000
		}
		period={
			between={ 0.8 29.8 }
			temperature={ 5.0 20.0 }
			no_phenomenon=0.500
			rain_light=1.000
			rain_heavy=0.150
			snow=0.000
			blizzard=0.000
			arctic_water=0.000
			mud=0.300
			sandstorm=0.000
			min_snow_level=0.000
		}
		period={
			between={ 0.9 30.9 }
			temperature={ 3.0 17.0 }
			no_phenomenon=0.500
			rain_light=1.000
			rain_heavy=0.150
			snow=0.050
			blizzard=0.000
			arctic_water=0.000
			mud=0.300
			sandstorm=0.000
			min_snow_level=0.000
		}
		period={
			between={ 0.10 29.10 }
			temperature={ -1.0 14.0 }
			no_phenomenon=0.500
			rain_light=1.000
			rain_heavy=0.150
			snow=0.210
			blizzard=0.000
			arctic_water=0.000
			mud=0.300
			sandstorm=0.000
			min_snow_level=0.000
		}
		period={
			between={ 0.11 30.11 }
			temperature={ -3.0 13.0 }
			no_phenomenon=0.500
			rain_light=1.000
			rain_heavy=0.150
			snow=0.200
			blizzard=0.000
			arctic_water=0.000
			mud=0.300
			sandstorm=0.000
			min_snow_level=0.000
		}
	}
}
