strategic_region={
	id=32
	name="STRATEGICREGION_32"
	provinces={
		52 143 167 425 461 527 612 619 678 695 713 798 898 994 1073 1084 1123 1250 1292 1307 1536 1752 1871 2007 2036 2081 2295 2305 2568 2707 2841 2903 2974 3079 3094 3171 3195 3313 3359 3486 3504 3559 3705 3796 3805 3830 3923 4073 4222 4298 4423 4470 4509 4654 4714 4860 4862 4941 5168 5227 5266 5356 5412 5452 5496 5546 5591 5598 5610 5749 5851 5948 5963 6013 6138 6175 6199 6214 6306 6483 6548 6778 6844 6846 6896 6957 6965 6991 7063 7092 7093 7108 7111 7176 7336 7377 7382 7457 7458 7502 7544 7631 7660 7716 7791 7815 7823 7942 8013 8076 8090 8115 8120 8138 8294 8327 8359 8399 8480 8495 8526 8531 8615 8683 8689 8730 8824 9016 9034 9045 9093 9098 9130 9170 9178 9229 9242 9288 9313 9324 9370 9388 9402 9441 9575 9769 9790 9849 9921 10178 10198 10334 10402 10459 10490 10525 10538 10573 10576 10642 10658 10814 10829 10830 10834 10840 10900 10942 10955 10984 10994 11049 11053 11100 11103 11109 11138 11158 11289 11328 11583 11587 11606 11643 11677 11805 11882 11920 11949 11983 12005 12024 12094 12254 12271 12321 12366 12394 12417 12485 12517 12559 12570 12669 12704 16624 16625 16727 16765 16766 16870 16903 17015 17044 17115 17116 17127 17157 17167 17214 17239 17266 17278 17338 17354 17366 17376 17395 17472 17513 17576 17577 17611 17632 17674 17701 17702 17714 17791 17804 17805 17819 17869 17884 17931 17939 17949 17974 17997 18028 18029 18030 18040 18050 18065 18123 18141 18142 18167 18168 18169 18186 18204 18229 18234 18278 18312 18347 18359 18360 18383 18384 18402 18454 18467 18468 18475 18494 18495 18496 18514 18537 18538 18566 18613 18643 18660 18661 18671 18672 18673 18697 18710 18723 18739 18765 18780 18789 18790 18812 18813 18825 18826 18827 18828 18864 18865 18907 18917 18918 18931 18941 18942 18968 18969 18970 19003 19004 19018 19019 19032 19051 19074 19081 19102 19103 19129 19139 19155 19156 19157 19177 19178 19204 19205 19211 19212 19221 19236 19247 19248 19249 19275 19287 19306 19307 19308 19333 19334 19361 19392 19406 19418 19419 19420 19445 19452 19514 19522 19523 19524 19538 19549 19566 19579 19580 19586 19613 19630 19631 19643 19669 19678 19688 19698 19742 19778 19779 19790 19791 19814 19838 19859 19901 19902 19907 19979 19998 20035 20047 20160 20213 20229 20249 20250 20289 20326 20359 20369 20417 20418 20419 20429 20507 20515 20551 20618 20619 
	}
	weather={
		period={
			between={ 0.0 30.0 }
			temperature={ -4.0 13.0 }
			no_phenomenon=0.500
			rain_light=1.000
			rain_heavy=0.150
			snow=0.200
			blizzard=0.000
			arctic_water=0.000
			mud=0.300
			sandstorm=0.000
			min_snow_level=0.000
		}
		period={
			between={ 0.1 27.1 }
			temperature={ -5.0 13.0 }
			no_phenomenon=0.500
			rain_light=1.000
			rain_heavy=0.150
			snow=0.200
			blizzard=0.050
			arctic_water=0.000
			mud=0.300
			sandstorm=0.000
			min_snow_level=0.000
		}
		period={
			between={ 0.2 30.2 }
			temperature={ -2.0 15.0 }
			no_phenomenon=0.500
			rain_light=1.000
			rain_heavy=0.150
			snow=0.150
			blizzard=0.000
			arctic_water=0.000
			mud=0.300
			sandstorm=0.000
			min_snow_level=0.000
		}
		period={
			between={ 0.3 29.3 }
			temperature={ 1.0 15.0 }
			no_phenomenon=0.500
			rain_light=1.000
			rain_heavy=0.150
			snow=0.000
			blizzard=0.000
			arctic_water=0.000
			mud=0.300
			sandstorm=0.000
			min_snow_level=0.000
		}
		period={
			between={ 0.4 30.4 }
			temperature={ 4.0 18.0 }
			no_phenomenon=0.500
			rain_light=1.000
			rain_heavy=0.150
			snow=0.000
			blizzard=0.000
			arctic_water=0.000
			mud=0.300
			sandstorm=0.000
			min_snow_level=0.000
		}
		period={
			between={ 0.5 29.5 }
			temperature={ 7.0 21.0 }
			no_phenomenon=0.500
			rain_light=1.000
			rain_heavy=0.150
			snow=0.000
			blizzard=0.000
			arctic_water=0.000
			mud=0.300
			sandstorm=0.000
			min_snow_level=0.000
		}
		period={
			between={ 0.6 30.6 }
			temperature={ 8.0 22.0 }
			no_phenomenon=0.500
			rain_light=1.000
			rain_heavy=0.150
			snow=0.000
			blizzard=0.000
			arctic_water=0.000
			mud=0.300
			sandstorm=0.000
			min_snow_level=0.000
		}
		period={
			between={ 0.7 30.7 }
			temperature={ 7.0 22.0 }
			no_phenomenon=0.500
			rain_light=1.000
			rain_heavy=0.150
			snow=0.000
			blizzard=0.000
			arctic_water=0.000
			mud=0.300
			sandstorm=0.000
			min_snow_level=0.000
		}
		period={
			between={ 0.8 29.8 }
			temperature={ 5.0 20.0 }
			no_phenomenon=0.500
			rain_light=1.000
			rain_heavy=0.150
			snow=0.000
			blizzard=0.000
			arctic_water=0.000
			mud=0.300
			sandstorm=0.000
			min_snow_level=0.000
		}
		period={
			between={ 0.9 30.9 }
			temperature={ 3.0 17.0 }
			no_phenomenon=0.500
			rain_light=1.000
			rain_heavy=0.150
			snow=0.050
			blizzard=0.000
			arctic_water=0.000
			mud=0.300
			sandstorm=0.000
			min_snow_level=0.000
		}
		period={
			between={ 0.10 29.10 }
			temperature={ -1.0 14.0 }
			no_phenomenon=0.500
			rain_light=1.000
			rain_heavy=0.150
			snow=0.210
			blizzard=0.000
			arctic_water=0.000
			mud=0.300
			sandstorm=0.000
			min_snow_level=0.000
		}
		period={
			between={ 0.11 30.11 }
			temperature={ -3.0 13.0 }
			no_phenomenon=0.500
			rain_light=1.000
			rain_heavy=0.150
			snow=0.200
			blizzard=0.000
			arctic_water=0.000
			mud=0.300
			sandstorm=0.000
			min_snow_level=0.000
		}
	}
}
