
strategic_region={
	id=33
	name="STRATEGICREGION_33"
	provinces={
		46 161 170 173 380 489 506 560 573 625 691 892 1036 1041 1087 1260 1305 1321 1409 1446 1454 1488 1503 1760 1787 1821 1978 2051 2178 2225 2237 2350 2577 2751 2754 2777 2797 2818 2833 2862 2947 2966 3055 3210 3232 3302 3305 3382 3422 3463 3466 3467 3496 3654 3747 3795 3868 3936 3972 4054 4081 4122 4136 4154 4174 4263 4292 4362 4372 4444 4455 4477 4617 4652 5017 5023 5110 5145 5152 5161 5183 5303 5329 5370 5375 5421 5500 5528 5535 5542 5567 5640 5671 5690 5732 5746 5758 5797 5803 5870 5900 5906 5990 6019 6109 6237 6287 6320 6353 6537 6729 6738 6892 6974 6992 7021 7183 7249 7253 7291 7355 7416 7429 7534 7547 7576 7582 7689 7691 7706 7717 7742 7751 7788 7889 7917 7918 7930 7950 8011 8049 8066 8107 8127 8174 8192 8233 8262 8308 8360 8363 8442 8496 8583 8642 8653 8708 8719 8720 8755 8778 8781 8796 8842 8866 8870 8906 8943 8952 9018 9048 9059 9060 9069 9107 9123 9132 9406 9424 9444 9448 9460 9464 9468 9483 9521 9644 9700 9701 9723 9747 9819 9850 9860 9997 10049 10128 10136 10140 10151 10183 10189 10206 10248 10255 10343 10360 10369 10393 10398 10424 10434 10529 10618 10682 10686 10687 10709 10798 10862 10889 11072 11123 11128 11163 11167 11276 11277 11326 11340 11341 11416 11468 11525 11530 11612 11650 11702 11719 11749 11828 11847 11884 11885 11890 11914 11979 12052 12114 12156 12182 12211 12218 12248 12293 12319 12338 12379 12450 12464 12511 12528 12558 12574 12591 12593 12596 12666 12697 19332 19391 19451 19565 19578 19612 19687 19720 19770 19789 19813 19837 19886 19900 19936 19946 19978 19986 20032 20033 20034 20068 20082 20101 20111 20139 20159 20183 20184 20204 20212 20235 20236 20240 20274 20275 20282 20288 20318 20325 20339 20344 20354 20358 20381 20404 20409 20410 20416 20426 20427 20428 20446 20447 20450 20458 20459 20466 20476 20493 20502 20503 20504 20505 20506 20513 20514 20529 20530 20531 20538 20550 20571 20572 20575 20579 20580 20589 20594 20595 20605 20611 20617 20628 20630 20631 20632 20633 20635 20642 20643 20644 20651 20652 20656 20663 20674 20684 20696 20697 20698 20699 20724 20725 20733 20734 20742 20748 20749 20750 20757 20769 20770 20771 20776 20782 20783 20789 20790 20795 20796 20804 20805 20806 20807 20820 20823 20824 20835 20839 20840 20841 20842 20843 20851 20852 20857 20864 20873 20874 20875 20876 20889 20890 20891 20894 20895 20902 20903 20906 20907 20908 20926 20930 20936 20937 20938 20945 20950 20958 20967 20970 20971 20972 20973 20974 20987 20990 20991 20997 21008 21009 21016 21031 21032 21040 21045 21046 21056 21064 21065 21072 21073 21079 21084 21096 21102 21103 21110 21111 21122 21128 21151 21156 21157 21158 21175 21178 21190 21191 21199 21200 21221 21222 21228 21232 21241 21258 21259 21265 21270 21275 21296 21297 21325 21344 21369 21389 21392 21405 21444 21458 21466 21474 21501 21505 21508 21519 21551 21567 21568 21601 21616 21649 21654 21658 21671 21722 21730 21737 21752 21761 21773 29778 30211 30219 30222 
	}
	weather={
		period={
			between={ 0.0 30.0 }
			temperature={ -4.0 13.0 }
			no_phenomenon=0.500
			rain_light=1.000
			rain_heavy=0.150
			snow=0.200
			blizzard=0.000
			arctic_water=0.000
			mud=0.300
			sandstorm=0.000
			min_snow_level=0.000
		}
		period={
			between={ 0.1 27.1 }
			temperature={ -5.0 13.0 }
			no_phenomenon=0.500
			rain_light=1.000
			rain_heavy=0.150
			snow=0.200
			blizzard=0.050
			arctic_water=0.000
			mud=0.300
			sandstorm=0.000
			min_snow_level=0.000
		}
		period={
			between={ 0.2 30.2 }
			temperature={ -2.0 15.0 }
			no_phenomenon=0.500
			rain_light=1.000
			rain_heavy=0.150
			snow=0.150
			blizzard=0.000
			arctic_water=0.000
			mud=0.300
			sandstorm=0.000
			min_snow_level=0.000
		}
		period={
			between={ 0.3 29.3 }
			temperature={ 1.0 15.0 }
			no_phenomenon=0.500
			rain_light=1.000
			rain_heavy=0.150
			snow=0.000
			blizzard=0.000
			arctic_water=0.000
			mud=0.300
			sandstorm=0.000
			min_snow_level=0.000
		}
		period={
			between={ 0.4 30.4 }
			temperature={ 4.0 18.0 }
			no_phenomenon=0.500
			rain_light=1.000
			rain_heavy=0.150
			snow=0.000
			blizzard=0.000
			arctic_water=0.000
			mud=0.300
			sandstorm=0.000
			min_snow_level=0.000
		}
		period={
			between={ 0.5 29.5 }
			temperature={ 7.0 21.0 }
			no_phenomenon=0.500
			rain_light=1.000
			rain_heavy=0.150
			snow=0.000
			blizzard=0.000
			arctic_water=0.000
			mud=0.300
			sandstorm=0.000
			min_snow_level=0.000
		}
		period={
			between={ 0.6 30.6 }
			temperature={ 8.0 22.0 }
			no_phenomenon=0.500
			rain_light=1.000
			rain_heavy=0.150
			snow=0.000
			blizzard=0.000
			arctic_water=0.000
			mud=0.300
			sandstorm=0.000
			min_snow_level=0.000
		}
		period={
			between={ 0.7 30.7 }
			temperature={ 7.0 22.0 }
			no_phenomenon=0.500
			rain_light=1.000
			rain_heavy=0.150
			snow=0.000
			blizzard=0.000
			arctic_water=0.000
			mud=0.300
			sandstorm=0.000
			min_snow_level=0.000
		}
		period={
			between={ 0.8 29.8 }
			temperature={ 5.0 20.0 }
			no_phenomenon=0.500
			rain_light=1.000
			rain_heavy=0.150
			snow=0.000
			blizzard=0.000
			arctic_water=0.000
			mud=0.300
			sandstorm=0.000
			min_snow_level=0.000
		}
		period={
			between={ 0.9 30.9 }
			temperature={ 3.0 17.0 }
			no_phenomenon=0.500
			rain_light=1.000
			rain_heavy=0.150
			snow=0.050
			blizzard=0.000
			arctic_water=0.000
			mud=0.300
			sandstorm=0.000
			min_snow_level=0.000
		}
		period={
			between={ 0.10 29.10 }
			temperature={ -1.0 14.0 }
			no_phenomenon=0.500
			rain_light=1.000
			rain_heavy=0.150
			snow=0.210
			blizzard=0.000
			arctic_water=0.000
			mud=0.300
			sandstorm=0.000
			min_snow_level=0.000
		}
		period={
			between={ 0.11 30.11 }
			temperature={ -3.0 13.0 }
			no_phenomenon=0.500
			rain_light=1.000
			rain_heavy=0.150
			snow=0.200
			blizzard=0.000
			arctic_water=0.000
			mud=0.300
			sandstorm=0.000
			min_snow_level=0.000
		}
	}
}
