
strategic_region={
	id=37
	name="STRATEGICREGION_37"
	provinces={
		17 81 89 142 145 178 189 266 287 334 351 365 378 418 442 443 599 611 673 787 797 976 1039 1161 1311 1320 1326 1374 1401 1458 1460 1474 1558 1570 1587 1701 1854 1876 1897 1915 1959 2045 2047 2132 2207 2266 2309 2426 2429 2432 2481 2493 2507 2572 2653 2716 2804 2864 3006 3037 3092 3096 3159 3169 3236 3261 3279 3295 3344 3377 3482 3498 3505 3573 3586 3588 3603 3634 3878 3965 4044 4191 4234 4321 4329 4377 4454 4458 4539 4583 4588 4589 4855 5025 5076 5217 5238 5260 5265 5269 5362 5365 5397 5491 5506 5515 5516 5526 5580 5626 5685 5712 5770 5783 5830 5869 5879 5913 5954 5975 6009 6075 6113 6128 6258 6270 6337 6426 6457 6489 6545 6546 6664 6780 6815 6862 6868 6913 6943 6977 7071 7206 7217 7278 7357 7367 7376 7537 7546 7566 7592 7687 7695 7707 7826 7914 7920 8053 8068 8082 8139 8164 8169 8220 8268 8290 8328 8371 8395 8434 8441 8455 8489 8502 8513 8528 8662 8814 8836 8840 8871 8876 8910 8937 9041 9169 9213 9391 9443 9475 9532 9538 9545 9617 9630 9690 9708 9712 9722 9765 9810 9830 9863 9869 9884 9969 10018 10054 10059 10179 10181 10185 10210 10257 10261 10277 10446 10464 10571 10683 10713 10809 10815 10823 10893 10912 10964 10983 10986 11041 11045 11047 11095 11115 11117 11134 11160 11182 11227 11258 11272 11274 11310 11377 11475 11512 11545 11601 11627 11710 11740 11780 11791 11795 11873 11886 11921 11922 12015 12040 12070 12179 12310 12345 12374 12385 12402 12424 12456 12561 12605 12655 12663 12665 12679 12685 13499 13541 13547 13560 13636 13650 13673 13674 13718 13721 13766 13772 13792 13798 13809 13836 13845 13846 13860 13876 13894 13899 13900 13918 13928 13929 13975 13976 13977 13995 14010 14014 14015 14041 14046 14078 14085 14086 14147 14154 14164 14178 14179 14197 14208 14215 14241 14249 14250 14285 14293 14294 14302 14322 14332 14340 14348 14356 14364 14372 14401 14415 14416 14417 14458 14465 14471 14513 14529 14537 14560 14569 14570 14595 14620 14636 14637 14652 14680 14712 14713 14748 14749 14750 14766 14794 14804 14823 14852 14853 14871 14891 14892 14904 14915 14934 14942 14950 14975 15000 15047 15062 15063 15064 15090 15091 15103 15166 15174 15182 15183 15197 15210 15220 15269 15279 15308 15318 15319 15351 15352 15353 15368 15421 15469 15476 15490 15491 15503 15504 15523 15524 15525 15597 15617 15639 15672 15684 15706 15724 15738 15752 15808 15824 15849 15893 15894 15918 15929 15942 15961 16037 16038 16051 16073 16074 16088 16114 16136 16137 16150 16165 16166 16175 16196 16208 16209 16302 16329 16341 16350 16367 16386 16408 16426 16427 16527 16540 16541 16555 16600 16614 16638 16649 16650 16666 16680 16711 16756 16757 16767 16784 16785 16819 16856 16871 16883 16904 16915 16935 16980 16981 16992 16993 17073 17074 17084 17143 17190 17191 17201 17225 17267 17293 17304 17318 17319 17367 17396 
	}
	weather={
		period={
			between={ 0.0 30.0 }
			temperature={ 19.0 33.0 }
			no_phenomenon=0.900
			rain_light=0.000
			rain_heavy=0.100
			snow=0.000
			blizzard=0.000
			arctic_water=0.000
			mud=1.000
			sandstorm=0.000
			min_snow_level=0.000
		}
		period={
			between={ 0.1 27.1 }
			temperature={ 21.0 36.0 }
			no_phenomenon=0.750
			rain_light=0.000
			rain_heavy=0.250
			snow=0.000
			blizzard=0.000
			arctic_water=0.000
			mud=1.000
			sandstorm=0.000
			min_snow_level=0.000
		}
		period={
			between={ 0.2 30.2 }
			temperature={ 22.0 37.0 }
			no_phenomenon=0.600
			rain_light=0.100
			rain_heavy=0.300
			snow=0.000
			blizzard=0.000
			arctic_water=0.000
			mud=1.000
			sandstorm=0.000
			min_snow_level=0.000
		}
		period={
			between={ 0.3 29.3 }
			temperature={ 22.0 36.0 }
			no_phenomenon=0.500
			rain_light=0.200
			rain_heavy=0.300
			snow=0.000
			blizzard=0.000
			arctic_water=0.000
			mud=1.000
			sandstorm=0.000
			min_snow_level=0.000
		}
		period={
			between={ 0.4 30.4 }
			temperature={ 21.0 35.0 }
			no_phenomenon=0.500
			rain_light=0.200
			rain_heavy=0.300
			snow=0.000
			blizzard=0.000
			arctic_water=0.000
			mud=1.000
			sandstorm=0.000
			min_snow_level=0.000
		}
		period={
			between={ 0.5 29.5 }
			temperature={ 19.0 33.0 }
			no_phenomenon=0.400
			rain_light=0.200
			rain_heavy=0.400
			snow=0.000
			blizzard=0.000
			arctic_water=0.000
			mud=1.000
			sandstorm=0.000
			min_snow_level=0.000
		}
		period={
			between={ 0.6 30.6 }
			temperature={ 18.0 31.0 }
			no_phenomenon=0.400
			rain_light=0.200
			rain_heavy=0.400
			snow=0.000
			blizzard=0.000
			arctic_water=0.000
			mud=1.000
			sandstorm=0.000
			min_snow_level=0.000
		}
		period={
			between={ 0.7 30.7 }
			temperature={ 18.0 31.0 }
			no_phenomenon=0.700
			rain_light=0.100
			rain_heavy=0.200
			snow=0.000
			blizzard=0.000
			arctic_water=0.000
			mud=1.000
			sandstorm=0.000
			min_snow_level=0.000
		}
		period={
			between={ 0.8 29.8 }
			temperature={ 19.0 32.0 }
			no_phenomenon=0.700
			rain_light=0.100
			rain_heavy=0.200
			snow=0.000
			blizzard=0.000
			arctic_water=0.000
			mud=1.000
			sandstorm=0.000
			min_snow_level=0.000
		}
		period={
			between={ 0.9 30.9 }
			temperature={ 19.0 33.0 }
			no_phenomenon=0.700
			rain_light=0.100
			rain_heavy=0.200
			snow=0.000
			blizzard=0.000
			arctic_water=0.000
			mud=1.000
			sandstorm=0.000
			min_snow_level=0.000
		}
		period={
			between={ 0.10 29.10 }
			temperature={ 20.0 35.0 }
			no_phenomenon=0.600
			rain_light=0.000
			rain_heavy=0.400
			snow=0.000
			blizzard=0.000
			arctic_water=0.000
			mud=1.000
			sandstorm=0.000
			min_snow_level=0.000
		}
		period={
			between={ 0.11 30.11 }
			temperature={ 19.0 33.0 }
			no_phenomenon=0.900
			rain_light=0.000
			rain_heavy=0.100
			snow=0.000
			blizzard=0.000
			arctic_water=0.000
			mud=1.000
			sandstorm=0.000
			min_snow_level=0.000
		}
	}
}
