strategic_region={
	id=39
	name="STRATEGICREGION_39"
	provinces={
		29 48 168 177 183 222 233 300 354 357 412 431 467 566 606 607 623 699 711 724 770 944 996 1018 1104 1134 1149 1234 1396 1398 1508 1641 1726 1788 1864 1903 1953 1980 2015 2044 2064 2117 2166 2232 2240 2282 2325 2367 2386 2427 2485 2490 2582 2647 2704 2741 2825 2912 3018 3052 3064 3137 3168 3175 3194 3197 3290 3350 3358 3368 3418 3469 3483 3523 3568 3589 3593 3608 3619 3653 3736 3739 3744 3771 3772 3803 3829 3926 3941 3945 3958 4012 4079 4089 4097 4104 4132 4147 4158 4169 4216 4244 4245 4448 4538 4560 4868 4892 4908 4922 4994 5013 5049 5097 5116 5164 5325 5347 5351 5357 5358 5460 5484 5571 5573 5586 5612 5620 5667 5682 5692 5775 5928 5949 6006 6057 6081 6099 6121 6145 6183 6200 6334 6369 6397 6407 6444 6468 6480 6484 6502 6512 6515 6528 6534 6563 6581 6680 6748 6795 6834 6858 6869 6884 6890 6915 6918 6938 6948 6983 7064 7134 7150 7231 7246 7308 7359 7372 7442 7448 7583 7589 7598 7630 7700 7721 7738 7812 7951 7971 7985 8056 8060 8085 8155 8179 8181 8253 8264 8352 8376 8379 8419 8578 8586 8656 8738 8739 8749 8831 8923 8941 8954 9005 9054 9085 9173 9201 9218 9283 9304 9326 9390 9456 9471 9490 9504 9552 9571 9612 9631 9650 9668 9686 9707 9741 9795 9829 9841 9848 9891 9931 9971 9995 10047 10068 10079 10081 10095 10126 10234 10242 10251 10254 10276 10352 10440 10443 10471 10495 10497 10579 10583 10629 10639 10652 10654 10667 10680 10714 10782 10785 10915 10921 10998 11059 11087 11089 11098 11141 11210 11219 11296 11299 11348 11395 11420 11460 11472 11515 11610 11632 11705 11735 11741 11775 11802 11841 11844 11909 11916 11962 11965 11994 12004 12080 12132 12178 12208 12230 12274 12279 12340 12425 12470 12473 12579 12597 12607 12615 12633 12645 12683 12692 13515 13534 13567 13574 13596 13615 13623 13642 13662 13667 13672 13689 13706 13711 13727 13755 13763 13765 13791 13808 13833 13834 13835 13841 13842 13875 13884 13907 13908 13909 13917 13923 13937 13946 13950 13951 13966 13967 13974 13981 13998 13999 14000 14005 14009 14024 14054 14055 14064 14065 14066 14070 14073 14074 14084 14101 14108 14116 14125 14162 14163 14172 14173 14174 14188 14195 14196 14201 14202 14214 14227 14228 14248 14257 14272 14284 14321 14339 14346 14347 14371 14383 14384 14394 14400 14410 14414 14439 14447 14456 14457 14464 14470 14490 14498 14548 14558 14559 14568 14594 14610 14619 14663 14664 14679 14702 14703 14709 14710 14722 14739 14746 14747 14772 14773 14774 14782 14783 14784 14802 14803 14822 14834 14838 14848 14886 14890 14913 14941 14949 14957 14985 15007 15016 15023 15024 15030 15031 15061 15098 15099 15100 15130 15181 15196 15250 15267 15296 15297 15298 15329 15330 15331 15332 15340 15364 15404 15405 15418 15419 15435 15436 15452 15475 15489 15512 15513 15537 15567 15568 15595 15596 15616 15625 15645 15721 15750 15751 15767 15771 15804 15833 15834 15846 15861 15906 15917 15927 15939 15992 16003 16048 16086 16110 16111 16125 16126 16204 16205 16252 16260 16301 16384 16407 16424 16454 16470 16484 16485 16486 16553 16554 16584 16585 16611 16677 16678 16724 16793 16834 16855 16889 16963 16964 16979 17042 17070 17071 17092 17156 17177 17199 17213 17314 17336 17452 30149 30151 30155 30156 30157 30158 30159 30161 30162 30163 30165 30169 30170 30173 30175 30184 30185 
	}
	weather={
		period={
			between={ 0.0 30.0 }
			temperature={ 19.0 33.0 }
			no_phenomenon=0.900
			rain_light=0.000
			rain_heavy=0.100
			snow=0.000
			blizzard=0.000
			arctic_water=0.000
			mud=1.000
			sandstorm=0.000
			min_snow_level=0.000
		}
		period={
			between={ 0.1 27.1 }
			temperature={ 21.0 36.0 }
			no_phenomenon=0.750
			rain_light=0.000
			rain_heavy=0.250
			snow=0.000
			blizzard=0.000
			arctic_water=0.000
			mud=1.000
			sandstorm=0.000
			min_snow_level=0.000
		}
		period={
			between={ 0.2 30.2 }
			temperature={ 22.0 37.0 }
			no_phenomenon=0.600
			rain_light=0.100
			rain_heavy=0.300
			snow=0.000
			blizzard=0.000
			arctic_water=0.000
			mud=1.000
			sandstorm=0.000
			min_snow_level=0.000
		}
		period={
			between={ 0.3 29.3 }
			temperature={ 22.0 36.0 }
			no_phenomenon=0.500
			rain_light=0.200
			rain_heavy=0.300
			snow=0.000
			blizzard=0.000
			arctic_water=0.000
			mud=1.000
			sandstorm=0.000
			min_snow_level=0.000
		}
		period={
			between={ 0.4 30.4 }
			temperature={ 21.0 35.0 }
			no_phenomenon=0.500
			rain_light=0.200
			rain_heavy=0.300
			snow=0.000
			blizzard=0.000
			arctic_water=0.000
			mud=1.000
			sandstorm=0.000
			min_snow_level=0.000
		}
		period={
			between={ 0.5 29.5 }
			temperature={ 19.0 33.0 }
			no_phenomenon=0.400
			rain_light=0.200
			rain_heavy=0.400
			snow=0.000
			blizzard=0.000
			arctic_water=0.000
			mud=1.000
			sandstorm=0.000
			min_snow_level=0.000
		}
		period={
			between={ 0.6 30.6 }
			temperature={ 18.0 31.0 }
			no_phenomenon=0.400
			rain_light=0.200
			rain_heavy=0.400
			snow=0.000
			blizzard=0.000
			arctic_water=0.000
			mud=1.000
			sandstorm=0.000
			min_snow_level=0.000
		}
		period={
			between={ 0.7 30.7 }
			temperature={ 18.0 31.0 }
			no_phenomenon=0.700
			rain_light=0.100
			rain_heavy=0.200
			snow=0.000
			blizzard=0.000
			arctic_water=0.000
			mud=1.000
			sandstorm=0.000
			min_snow_level=0.000
		}
		period={
			between={ 0.8 29.8 }
			temperature={ 19.0 32.0 }
			no_phenomenon=0.700
			rain_light=0.100
			rain_heavy=0.200
			snow=0.000
			blizzard=0.000
			arctic_water=0.000
			mud=1.000
			sandstorm=0.000
			min_snow_level=0.000
		}
		period={
			between={ 0.9 30.9 }
			temperature={ 19.0 33.0 }
			no_phenomenon=0.700
			rain_light=0.100
			rain_heavy=0.200
			snow=0.000
			blizzard=0.000
			arctic_water=0.000
			mud=1.000
			sandstorm=0.000
			min_snow_level=0.000
		}
		period={
			between={ 0.10 29.10 }
			temperature={ 20.0 35.0 }
			no_phenomenon=0.600
			rain_light=0.000
			rain_heavy=0.400
			snow=0.000
			blizzard=0.000
			arctic_water=0.000
			mud=1.000
			sandstorm=0.000
			min_snow_level=0.000
		}
		period={
			between={ 0.11 30.11 }
			temperature={ 19.0 33.0 }
			no_phenomenon=0.900
			rain_light=0.000
			rain_heavy=0.100
			snow=0.000
			blizzard=0.000
			arctic_water=0.000
			mud=1.000
			sandstorm=0.000
			min_snow_level=0.000
		}
	}
}
