
strategic_region={
	id=40
	name="STRATEGICREGION_40"
	provinces={
		45 144 206 330 397 455 596 602 627 657 682 807 891 951 1017 1074 1077 1174 1338 1388 1468 1540 1575 1590 1602 1618 2005 2023 2048 2071 2136 2241 2500 2547 2595 2636 2638 2650 2897 3388 3398 3428 3461 3493 3517 3565 3597 3757 3820 3897 3901 3913 4164 4294 4505 4587 4788 4822 4846 4850 5124 5135 5141 5182 5192 5204 5230 5316 5432 5485 5530 5574 5697 5728 5771 5824 5841 5846 5872 5929 5945 6049 6061 6062 6083 6143 6168 6264 6325 6411 6432 6572 6655 6689 6719 6745 6767 6971 7000 7128 7161 7316 7341 7347 7354 7472 7480 7524 7608 7616 7639 7679 7747 7801 7865 7876 7881 7898 7964 8000 8002 8081 8093 8135 8198 8410 8461 8515 8666 8684 8693 8750 8786 8800 8805 8886 8942 8962 8967 9096 9101 9117 9135 9196 9228 9235 9271 9362 9385 9403 9407 9445 9461 9509 9514 9556 9590 9639 9716 9726 9825 9837 9864 9932 9936 9956 9984 10005 10006 10200 10231 10341 10415 10510 10591 10596 10603 10624 10643 10678 10681 10701 10821 10976 10990 11019 11083 11207 11336 11366 11398 11410 11434 11444 11446 11497 11508 11542 11574 11594 11595 11729 11862 11935 11985 12091 12242 12255 12264 12364 12365 12372 12378 12391 12396 12445 12462 12525 12542 12617 12630 13869 13906 13936 14069 14187 14194 14207 14226 14308 14309 14344 14345 14393 14409 14500 14556 14557 14650 14651 14661 14662 14670 14689 14701 14737 14738 14771 14801 14810 14833 14885 14901 14912 14933 14940 14999 15014 15015 15046 15129 15142 15173 15180 15207 15234 15235 15264 15265 15266 15277 15317 15328 15349 15362 15363 15379 15380 15393 15451 15466 15474 15488 15511 15536 15580 15594 15623 15624 15638 15680 15681 15682 15704 15719 15720 15749 15765 15766 15822 15860 15876 15936 15937 15938 15957 15958 16013 16036 16063 16098 16099 16124 16148 16149 16172 16173 16203 16219 16236 16251 16259 16299 16300 16382 16383 16423 16443 16467 16468 16469 16497 16521 16522 16523 16539 16597 16609 16610 16636 16637 16661 16662 16663 16664 16694 16695 16723 16741 16751 16752 16781 16782 16783 16807 16833 16853 16854 16868 16899 16900 16912 16913 16933 16951 16952 16962 16978 17013 17025 17040 17041 17056 17091 17111 17112 17125 17140 17165 17233 17234 17235 17264 17276 17292 17313 17335 17352 17353 17373 17374 17393 17415 17426 17459 17512 17523 17524 17525 17535 17560 17573 17593 17594 17610 17629 17630 17631 17653 17654 17686 17687 17711 17724 17725 17726 17740 17768 17786 17815 17816 17817 17818 17856 17867 17893 17894 17901 17916 17948 17965 17966 17967 17968 17987 18018 18060 18061 18078 18121 18130 18165 18180 18181 18212 18267 18268 18283 18303 
	}
	weather={
		period={
			between={ 0.0 30.0 }
			temperature={ 19.0 33.0 }
			no_phenomenon=0.900
			rain_light=0.000
			rain_heavy=0.100
			snow=0.000
			blizzard=0.000
			arctic_water=0.000
			mud=1.000
			sandstorm=0.000
			min_snow_level=0.000
		}
		period={
			between={ 0.1 27.1 }
			temperature={ 21.0 36.0 }
			no_phenomenon=0.750
			rain_light=0.000
			rain_heavy=0.250
			snow=0.000
			blizzard=0.000
			arctic_water=0.000
			mud=1.000
			sandstorm=0.000
			min_snow_level=0.000
		}
		period={
			between={ 0.2 30.2 }
			temperature={ 22.0 37.0 }
			no_phenomenon=0.600
			rain_light=0.100
			rain_heavy=0.300
			snow=0.000
			blizzard=0.000
			arctic_water=0.000
			mud=1.000
			sandstorm=0.000
			min_snow_level=0.000
		}
		period={
			between={ 0.3 29.3 }
			temperature={ 22.0 36.0 }
			no_phenomenon=0.500
			rain_light=0.200
			rain_heavy=0.300
			snow=0.000
			blizzard=0.000
			arctic_water=0.000
			mud=1.000
			sandstorm=0.000
			min_snow_level=0.000
		}
		period={
			between={ 0.4 30.4 }
			temperature={ 21.0 35.0 }
			no_phenomenon=0.500
			rain_light=0.200
			rain_heavy=0.300
			snow=0.000
			blizzard=0.000
			arctic_water=0.000
			mud=1.000
			sandstorm=0.000
			min_snow_level=0.000
		}
		period={
			between={ 0.5 29.5 }
			temperature={ 19.0 33.0 }
			no_phenomenon=0.400
			rain_light=0.200
			rain_heavy=0.400
			snow=0.000
			blizzard=0.000
			arctic_water=0.000
			mud=1.000
			sandstorm=0.000
			min_snow_level=0.000
		}
		period={
			between={ 0.6 30.6 }
			temperature={ 18.0 31.0 }
			no_phenomenon=0.400
			rain_light=0.200
			rain_heavy=0.400
			snow=0.000
			blizzard=0.000
			arctic_water=0.000
			mud=1.000
			sandstorm=0.000
			min_snow_level=0.000
		}
		period={
			between={ 0.7 30.7 }
			temperature={ 18.0 31.0 }
			no_phenomenon=0.700
			rain_light=0.100
			rain_heavy=0.200
			snow=0.000
			blizzard=0.000
			arctic_water=0.000
			mud=1.000
			sandstorm=0.000
			min_snow_level=0.000
		}
		period={
			between={ 0.8 29.8 }
			temperature={ 19.0 32.0 }
			no_phenomenon=0.700
			rain_light=0.100
			rain_heavy=0.200
			snow=0.000
			blizzard=0.000
			arctic_water=0.000
			mud=1.000
			sandstorm=0.000
			min_snow_level=0.000
		}
		period={
			between={ 0.9 30.9 }
			temperature={ 19.0 33.0 }
			no_phenomenon=0.700
			rain_light=0.100
			rain_heavy=0.200
			snow=0.000
			blizzard=0.000
			arctic_water=0.000
			mud=1.000
			sandstorm=0.000
			min_snow_level=0.000
		}
		period={
			between={ 0.10 29.10 }
			temperature={ 20.0 35.0 }
			no_phenomenon=0.600
			rain_light=0.000
			rain_heavy=0.400
			snow=0.000
			blizzard=0.000
			arctic_water=0.000
			mud=1.000
			sandstorm=0.000
			min_snow_level=0.000
		}
		period={
			between={ 0.11 30.11 }
			temperature={ 19.0 33.0 }
			no_phenomenon=0.900
			rain_light=0.000
			rain_heavy=0.100
			snow=0.000
			blizzard=0.000
			arctic_water=0.000
			mud=1.000
			sandstorm=0.000
			min_snow_level=0.000
		}
	}
}
