
strategic_region={
	id=63
	name="STRATEGICREGION_63"
	provinces={
		56 66 101 191 236 270 283 311 545 803 832 835 1037 1166 1247 1369 1451 1583 1603 1671 1708 1720 1756 1775 1990 2008 2012 2116 2186 2233 2246 2270 2273 2280 2288 2303 2674 2686 2824 2874 2892 2948 2984 3022 3203 3264 3348 3351 3397 3470 3490 3497 3503 3554 3729 3912 4116 4156 4194 4221 4249 4392 4429 4433 4452 4492 4511 4519 4548 4696 4756 4768 4863 4924 4932 4934 4988 5012 5065 5252 5312 5343 5457 5504 5587 5644 5853 5886 5958 5965 6103 6130 6135 6204 6376 6381 6404 6421 6424 6464 6466 6519 6529 6592 6624 6637 6659 6764 6789 6816 6826 6830 6897 6911 6968 7019 7143 7191 7233 7242 7299 7317 7328 7329 7338 7360 7395 7407 7426 7436 7485 7515 7548 7572 7714 7772 7941 7945 7967 7977 8084 8102 8338 8347 8412 8443 8474 8475 8504 8564 8565 8581 8713 8715 8732 8737 8752 8821 8912 8968 9007 9017 9040 9076 9079 9082 9095 9118 9127 9142 9159 9171 9220 9255 9267 9331 9344 9357 9473 9537 9620 9651 9666 9685 9711 9758 9768 9836 9903 9929 10083 10106 10129 10207 10221 10477 10481 10496 10514 10552 10562 10627 10659 10702 10888 10943 11016 11036 11058 11104 11155 11173 11225 11236 11259 11390 11402 11405 11428 11432 11440 11546 11597 11635 11638 11720 11794 11834 11842 11852 11933 12044 12084 12120 12141 12163 12185 12204 12267 12292 12326 12487 12491 12506 12523 12677 14343 14363 14381 14382 14426 14479 14512 14526 14527 14528 14554 14555 14587 14632 14660 14678 14700 14745 14760 14765 14770 14793 14809 14869 14870 14884 14898 14899 14900 14924 14948 14963 14974 14998 15006 15013 15029 15060 15074 15081 15097 15114 15128 15141 15157 15158 15165 15195 15206 15262 15263 15294 15295 15316 15378 15391 15392 15403 15417 15434 15465 15501 15521 15522 15533 15534 15535 15579 15637 15643 15644 15656 15679 15718 15736 15789 15790 15791 15821 15859 15901 15904 15905 15915 15916 15955 15956 15991 16012 16026 16027 16034 16035 16047 16061 16062 16085 16107 16108 16109 16146 16147 16163 16164 16171 16183 16193 16194 16202 16235 16250 16278 16279 16298 16325 16326 16349 16365 16380 16381 16404 16405 16406 16421 16422 16441 16442 16452 16453 16466 16483 16496 16506 16507 16537 16538 16551 16552 16565 16566 16567 16568 16582 16583 16595 16596 16622 16623 16648 16659 16660 16676 16691 16692 16693 16708 16709 16738 16739 16740 16750 16764 16780 16792 16805 16806 16816 16817 16831 16832 16851 16852 16867 16880 16898 16929 16930 16931 16932 16950 16961 16976 16977 17011 17023 17024 17038 17068 17081 17082 17104 17105 17137 17138 17154 17155 17198 17212 17230 17231 17245 17260 17261 17262 17263 17303 17332 17333 17350 17351 17364 17371 17381 17405 17406 17424 17458 17490 17572 17591 17592 17607 22485 30177 30179 
	}
	weather={
		period={
			between={ 0.0 30.0 }
			temperature={ 19.0 33.0 }
			no_phenomenon=0.900
			rain_light=0.000
			rain_heavy=0.100
			snow=0.000
			blizzard=0.000
			arctic_water=0.000
			mud=1.000
			sandstorm=0.000
			min_snow_level=0.000
		}
		period={
			between={ 0.1 27.1 }
			temperature={ 21.0 36.0 }
			no_phenomenon=0.750
			rain_light=0.000
			rain_heavy=0.250
			snow=0.000
			blizzard=0.000
			arctic_water=0.000
			mud=1.000
			sandstorm=0.000
			min_snow_level=0.000
		}
		period={
			between={ 0.2 30.2 }
			temperature={ 22.0 37.0 }
			no_phenomenon=0.600
			rain_light=0.100
			rain_heavy=0.300
			snow=0.000
			blizzard=0.000
			arctic_water=0.000
			mud=1.000
			sandstorm=0.000
			min_snow_level=0.000
		}
		period={
			between={ 0.3 29.3 }
			temperature={ 22.0 36.0 }
			no_phenomenon=0.500
			rain_light=0.200
			rain_heavy=0.300
			snow=0.000
			blizzard=0.000
			arctic_water=0.000
			mud=1.000
			sandstorm=0.000
			min_snow_level=0.000
		}
		period={
			between={ 0.4 30.4 }
			temperature={ 21.0 35.0 }
			no_phenomenon=0.500
			rain_light=0.200
			rain_heavy=0.300
			snow=0.000
			blizzard=0.000
			arctic_water=0.000
			mud=1.000
			sandstorm=0.000
			min_snow_level=0.000
		}
		period={
			between={ 0.5 29.5 }
			temperature={ 19.0 33.0 }
			no_phenomenon=0.400
			rain_light=0.200
			rain_heavy=0.400
			snow=0.000
			blizzard=0.000
			arctic_water=0.000
			mud=1.000
			sandstorm=0.000
			min_snow_level=0.000
		}
		period={
			between={ 0.6 30.6 }
			temperature={ 18.0 31.0 }
			no_phenomenon=0.400
			rain_light=0.200
			rain_heavy=0.400
			snow=0.000
			blizzard=0.000
			arctic_water=0.000
			mud=1.000
			sandstorm=0.000
			min_snow_level=0.000
		}
		period={
			between={ 0.7 30.7 }
			temperature={ 18.0 31.0 }
			no_phenomenon=0.700
			rain_light=0.100
			rain_heavy=0.200
			snow=0.000
			blizzard=0.000
			arctic_water=0.000
			mud=1.000
			sandstorm=0.000
			min_snow_level=0.000
		}
		period={
			between={ 0.8 29.8 }
			temperature={ 19.0 32.0 }
			no_phenomenon=0.700
			rain_light=0.100
			rain_heavy=0.200
			snow=0.000
			blizzard=0.000
			arctic_water=0.000
			mud=1.000
			sandstorm=0.000
			min_snow_level=0.000
		}
		period={
			between={ 0.9 30.9 }
			temperature={ 19.0 33.0 }
			no_phenomenon=0.700
			rain_light=0.100
			rain_heavy=0.200
			snow=0.000
			blizzard=0.000
			arctic_water=0.000
			mud=1.000
			sandstorm=0.000
			min_snow_level=0.000
		}
		period={
			between={ 0.10 29.10 }
			temperature={ 20.0 35.0 }
			no_phenomenon=0.600
			rain_light=0.000
			rain_heavy=0.400
			snow=0.000
			blizzard=0.000
			arctic_water=0.000
			mud=1.000
			sandstorm=0.000
			min_snow_level=0.000
		}
		period={
			between={ 0.11 30.11 }
			temperature={ 19.0 33.0 }
			no_phenomenon=0.900
			rain_light=0.000
			rain_heavy=0.100
			snow=0.000
			blizzard=0.000
			arctic_water=0.000
			mud=1.000
			sandstorm=0.000
			min_snow_level=0.000
		}
	}
}
