strategic_region={
	id=94
	name="STRATEGICREGION_94"
	provinces={
		88 124 139 326 367 564 615 778 871 928 992 1064 1126 1373 1699 1764 1780 1799 1933 2028 2041 2077 2082 2316 2430 2474 2960 3257 3312 3724 3880 3985 4039 4060 4258 4386 4776 4905 4906 5050 5112 5143 5210 5261 5268 5326 5363 5369 5628 5652 5676 5723 5748 5756 6166 6210 6347 6417 6494 6523 6576 6582 6645 6675 6681 6735 6783 6785 6922 7073 7245 7342 7381 7386 7550 7557 7648 7774 7793 7807 7835 7863 7903 8075 8130 8173 8182 8266 8322 8364 8365 8369 8491 8520 8530 8545 8547 8551 8601 8695 8780 8817 8818 8849 8934 8956 9006 9032 9038 9051 9094 9103 9110 9145 9247 9312 9316 9405 9562 9633 9691 9703 9868 9885 10046 10173 10201 10247 10298 10389 10516 10517 10578 10660 10689 10755 10767 10944 10963 10966 10991 11034 11038 11097 11099 11127 11166 11353 11375 11412 11492 11513 11518 11623 11682 11782 11783 11861 12081 12188 12192 12196 12223 12252 12356 12441 12448 12599 12634 12647 16437 16450 16720 16848 16959 16974 17010 17021 17052 17053 17062 17063 17064 17088 17103 17110 17123 17151 17152 17162 17174 17209 17210 17222 17228 17244 17257 17288 17300 17301 17309 17310 17311 17329 17330 17345 17346 17347 17348 17360 17370 17380 17390 17391 17438 17447 17456 17481 17487 17488 17498 17520 17550 17551 17556 17557 17558 17570 17587 17603 17604 17605 17606 17627 17648 17649 17661 17662 17684 17685 17697 17719 17720 17721 17737 17744 17755 17784 17797 17798 17799 17800 17863 17881 17889 17912 17913 17926 17934 17945 17959 17960 17980 17995 18006 18016 18034 18035 18048 18057 18074 18087 18129 18132 18133 18160 18174 18175 18198 18199 18222 18252 18317 18318 18319 18331 18332 18346 18391 18413 18414 18425 18426 18427 18436 18444 18463 18464 18531 18559 18560 18574 18588 18601 18623 18639 18653 18654 18665 18666 18706 18729 18744 18775 18783 18784 18842 18843 18855 18873 18892 18903 18904 18928 18956 18957 18977 18978 18997 18998 19015 19066 19067 19077 19091 19112 19113 19135 19148 19149 19181 19186 19202 19214 19215 19216 19232 19241 19258 19259 19277 19292 19303 19328 19342 19362 19383 19384 19385 19400 19439 19448 19455 19487 19510 19544 19554 19560 19583 19638 19753 19785 19799 19842 19843 19877 19883 19897 19905 19952 19963 19964 19974 19992 19993 20001 20015 20016 20052 20062 20063 20097 20108 20122 20144 20145 20155 20156 20202 20211 20238 20239 20294 20323 20350 20351 20385 20386 20398 20440 20441 20453 20454 30191 30192 
	}
	weather={
		period={
			between={ 0.0 30.0 }
			temperature={ -4.0 13.0 }
			no_phenomenon=0.500
			rain_light=1.000
			rain_heavy=0.150
			snow=0.200
			blizzard=0.000
			arctic_water=0.000
			mud=0.300
			sandstorm=0.000
			min_snow_level=0.000
		}
		period={
			between={ 0.1 27.1 }
			temperature={ -5.0 13.0 }
			no_phenomenon=0.500
			rain_light=1.000
			rain_heavy=0.150
			snow=0.200
			blizzard=0.050
			arctic_water=0.000
			mud=0.300
			sandstorm=0.000
			min_snow_level=0.000
		}
		period={
			between={ 0.2 30.2 }
			temperature={ -2.0 15.0 }
			no_phenomenon=0.500
			rain_light=1.000
			rain_heavy=0.150
			snow=0.150
			blizzard=0.000
			arctic_water=0.000
			mud=0.300
			sandstorm=0.000
			min_snow_level=0.000
		}
		period={
			between={ 0.3 29.3 }
			temperature={ 1.0 15.0 }
			no_phenomenon=0.500
			rain_light=1.000
			rain_heavy=0.150
			snow=0.000
			blizzard=0.000
			arctic_water=0.000
			mud=0.300
			sandstorm=0.000
			min_snow_level=0.000
		}
		period={
			between={ 0.4 30.4 }
			temperature={ 4.0 18.0 }
			no_phenomenon=0.500
			rain_light=1.000
			rain_heavy=0.150
			snow=0.000
			blizzard=0.000
			arctic_water=0.000
			mud=0.300
			sandstorm=0.000
			min_snow_level=0.000
		}
		period={
			between={ 0.5 29.5 }
			temperature={ 7.0 21.0 }
			no_phenomenon=0.500
			rain_light=1.000
			rain_heavy=0.150
			snow=0.000
			blizzard=0.000
			arctic_water=0.000
			mud=0.300
			sandstorm=0.000
			min_snow_level=0.000
		}
		period={
			between={ 0.6 30.6 }
			temperature={ 8.0 22.0 }
			no_phenomenon=0.500
			rain_light=1.000
			rain_heavy=0.150
			snow=0.000
			blizzard=0.000
			arctic_water=0.000
			mud=0.300
			sandstorm=0.000
			min_snow_level=0.000
		}
		period={
			between={ 0.7 30.7 }
			temperature={ 7.0 22.0 }
			no_phenomenon=0.500
			rain_light=1.000
			rain_heavy=0.150
			snow=0.000
			blizzard=0.000
			arctic_water=0.000
			mud=0.300
			sandstorm=0.000
			min_snow_level=0.000
		}
		period={
			between={ 0.8 29.8 }
			temperature={ 5.0 20.0 }
			no_phenomenon=0.500
			rain_light=1.000
			rain_heavy=0.150
			snow=0.000
			blizzard=0.000
			arctic_water=0.000
			mud=0.300
			sandstorm=0.000
			min_snow_level=0.000
		}
		period={
			between={ 0.9 30.9 }
			temperature={ 3.0 17.0 }
			no_phenomenon=0.500
			rain_light=1.000
			rain_heavy=0.150
			snow=0.050
			blizzard=0.000
			arctic_water=0.000
			mud=0.300
			sandstorm=0.000
			min_snow_level=0.000
		}
		period={
			between={ 0.10 29.10 }
			temperature={ -1.0 14.0 }
			no_phenomenon=0.500
			rain_light=1.000
			rain_heavy=0.150
			snow=0.210
			blizzard=0.000
			arctic_water=0.000
			mud=0.300
			sandstorm=0.000
			min_snow_level=0.000
		}
		period={
			between={ 0.11 30.11 }
			temperature={ -3.0 13.0 }
			no_phenomenon=0.500
			rain_light=1.000
			rain_heavy=0.150
			snow=0.200
			blizzard=0.000
			arctic_water=0.000
			mud=0.300
			sandstorm=0.000
			min_snow_level=0.000
		}
	}
}
