
strategic_region={
	id=98
	name="STRATEGICREGION_98"
	provinces={
		84 200 305 393 458 588 655 658 729 779 788 864 1056 1083 1265 1284 1293 1341 1362 1386 1442 1459 1478 1562 1616 1623 1663 1710 1784 1862 1885 1944 1955 2177 2265 2383 2698 2715 2759 2950 3200 3225 3263 3288 3296 3307 3347 3379 3432 3533 3543 3641 3681 3717 3741 3851 3989 4023 4129 4149 4273 4381 4521 4569 4580 4632 4639 4785 4865 4869 4885 4967 5222 5234 5280 5398 5404 5426 5462 5480 5510 5566 5595 5630 5715 5762 5867 5934 5936 5942 5977 5993 6010 6044 6095 6152 6225 6245 6271 6380 6455 6462 6521 6614 6616 6627 6676 6758 6863 7028 7029 7181 7192 7324 7454 7492 7520 7552 7558 7604 7623 7766 7888 7928 7959 8031 8035 8077 8091 8219 8244 8320 8367 8384 8492 8664 8673 8734 8756 8813 8833 8963 9019 9042 9058 9070 9160 9311 9333 9366 9410 9411 9500 9619 9637 9720 9738 9831 9858 9866 9930 9954 10077 10086 10163 10188 10230 10246 10249 10333 10339 10370 10379 10384 10427 10475 10503 10546 10590 10695 10700 10723 10734 10742 10754 10772 10802 10827 10850 10922 10975 11004 11006 11055 11073 11102 11133 11170 11300 11345 11442 11563 11589 11619 11624 11639 11647 11652 11671 11680 11692 11704 11723 11751 11831 11876 11891 11950 12002 12032 12050 12089 12112 12149 12373 12388 12407 12482 12499 12505 12537 12576 12598 17464 17519 17533 17568 17586 17626 17647 17659 17660 17695 17696 17707 17718 17736 17754 17762 17763 17772 17773 17783 17809 17810 17835 17836 17862 17878 17879 17887 17888 17910 17911 17933 17958 17993 17994 18004 18005 18014 18015 18047 18056 18072 18073 18086 18109 18110 18127 18128 18131 18150 18151 18157 18158 18159 18173 18188 18209 18231 18240 18241 18242 18251 18255 18264 18294 18295 18296 18297 18298 18309 18328 18329 18330 18345 18355 18365 18377 18408 18409 18410 18411 18412 18423 18424 18433 18434 18435 18462 18500 18501 18502 18503 18504 18505 18522 18530 18542 18543 18544 18545 18546 18547 18556 18557 18558 18587 18600 18621 18622 18635 18636 18637 18638 18680 18681 18682 18683 18703 18704 18705 18717 18718 18743 18771 18772 18773 18774 18807 18808 18821 18839 18840 18841 18853 18854 18870 18871 18872 18880 18881 18890 18891 18902 18926 18927 18947 18948 18955 18976 18988 18989 18996 19014 19023 19024 19034 19044 19045 19090 19100 19146 19147 19172 19200 19201 19231 19239 19240 19255 19256 19257 19276 19319 19340 19341 19354 19382 19426 19438 19454 19466 19467 19477 19485 19486 19509 19543 19553 19572 19573 19594 19595 19596 19607 19620 19621 19622 19648 19664 19672 19693 19694 19695 19703 19704 19716 19717 19726 19727 19737 19774 19783 19784 19797 19798 19809 19810 19822 19823 19832 19841 19866 19876 19895 19896 19913 19920 19921 19922 19940 19973 19985 19991 20012 20013 20014 20019 20020 20042 20060 20061 20088 20089 20106 20107 20119 20120 20121 20131 20134 20153 20154 20169 20191 20192 20201 20219 20245 20268 20293 20302 20303 20316 20341 20349 20366 20375 20384 20423 20439 20474 20492 20500 20519 
	}
	weather={
		period={
			between={ 0.0 30.0 }
			temperature={ -4.0 13.0 }
			no_phenomenon=0.500
			rain_light=1.000
			rain_heavy=0.150
			snow=0.200
			blizzard=0.000
			arctic_water=0.000
			mud=0.300
			sandstorm=0.000
			min_snow_level=0.000
		}
		period={
			between={ 0.1 27.1 }
			temperature={ -5.0 13.0 }
			no_phenomenon=0.500
			rain_light=1.000
			rain_heavy=0.150
			snow=0.200
			blizzard=0.050
			arctic_water=0.000
			mud=0.300
			sandstorm=0.000
			min_snow_level=0.000
		}
		period={
			between={ 0.2 30.2 }
			temperature={ -2.0 15.0 }
			no_phenomenon=0.500
			rain_light=1.000
			rain_heavy=0.150
			snow=0.150
			blizzard=0.000
			arctic_water=0.000
			mud=0.300
			sandstorm=0.000
			min_snow_level=0.000
		}
		period={
			between={ 0.3 29.3 }
			temperature={ 1.0 15.0 }
			no_phenomenon=0.500
			rain_light=1.000
			rain_heavy=0.150
			snow=0.000
			blizzard=0.000
			arctic_water=0.000
			mud=0.300
			sandstorm=0.000
			min_snow_level=0.000
		}
		period={
			between={ 0.4 30.4 }
			temperature={ 4.0 18.0 }
			no_phenomenon=0.500
			rain_light=1.000
			rain_heavy=0.150
			snow=0.000
			blizzard=0.000
			arctic_water=0.000
			mud=0.300
			sandstorm=0.000
			min_snow_level=0.000
		}
		period={
			between={ 0.5 29.5 }
			temperature={ 7.0 21.0 }
			no_phenomenon=0.500
			rain_light=1.000
			rain_heavy=0.150
			snow=0.000
			blizzard=0.000
			arctic_water=0.000
			mud=0.300
			sandstorm=0.000
			min_snow_level=0.000
		}
		period={
			between={ 0.6 30.6 }
			temperature={ 8.0 22.0 }
			no_phenomenon=0.500
			rain_light=1.000
			rain_heavy=0.150
			snow=0.000
			blizzard=0.000
			arctic_water=0.000
			mud=0.300
			sandstorm=0.000
			min_snow_level=0.000
		}
		period={
			between={ 0.7 30.7 }
			temperature={ 7.0 22.0 }
			no_phenomenon=0.500
			rain_light=1.000
			rain_heavy=0.150
			snow=0.000
			blizzard=0.000
			arctic_water=0.000
			mud=0.300
			sandstorm=0.000
			min_snow_level=0.000
		}
		period={
			between={ 0.8 29.8 }
			temperature={ 5.0 20.0 }
			no_phenomenon=0.500
			rain_light=1.000
			rain_heavy=0.150
			snow=0.000
			blizzard=0.000
			arctic_water=0.000
			mud=0.300
			sandstorm=0.000
			min_snow_level=0.000
		}
		period={
			between={ 0.9 30.9 }
			temperature={ 3.0 17.0 }
			no_phenomenon=0.500
			rain_light=1.000
			rain_heavy=0.150
			snow=0.050
			blizzard=0.000
			arctic_water=0.000
			mud=0.300
			sandstorm=0.000
			min_snow_level=0.000
		}
		period={
			between={ 0.10 29.10 }
			temperature={ -1.0 14.0 }
			no_phenomenon=0.500
			rain_light=1.000
			rain_heavy=0.150
			snow=0.210
			blizzard=0.000
			arctic_water=0.000
			mud=0.300
			sandstorm=0.000
			min_snow_level=0.000
		}
		period={
			between={ 0.11 30.11 }
			temperature={ -3.0 13.0 }
			no_phenomenon=0.500
			rain_light=1.000
			rain_heavy=0.150
			snow=0.200
			blizzard=0.000
			arctic_water=0.000
			mud=0.300
			sandstorm=0.000
			min_snow_level=0.000
		}
	}
}
