3 24 8351 8231 8789 16589 16573 16670 8919 16936 16760 6797 16602 16474 852 3561 16281 9719 16117 15996 3400 6206 4495 6845 8540 15458 
3 6 16054 9183 16370 16529 16671 8351 
1 6 8746 15793 9359 15964 854 16054 
2 10 16671 6030 16937 10685 17218 17308 17434 17598 30 17827 
2 5 12635 2326 9224 17944 17827 
2 9 5299 17828 17760 17795 6284 17846 5807 1245 2326 
2 6 7184 17018 9757 931 10096 17308 
1 8 7444 15921 3177 16055 15965 9345 11480 9359 
1 5 16352 5935 16116 12153 6206 
1 18 16352 10157 16264 3834 8323 16198 8346 16330 16444 6158 16499 9155 16771 16908 17031 3779 11509 17250 
1 8 8346 16017 15919 2569 11727 2120 15506 3205 
3 18 15458 11026 15199 3787 14965 14874 5536 9009 8361 14217 14126 14028 4682 13862 13813 13736 7844 13644 
2 12 15458 6450 15082 14988 9898 8961 14671 8698 14538 12203 575 11286 
2 14 11286 11465 6123 5237 14111 14025 1624 8893 13886 7118 1715 13779 11090 13852 
4 20 13852 13814 2257 9071 11267 4546 13591 3188 953 13483 13430 8158 13421 11969 1276 12479 3289 1983 12307 13114 
2 6 953 13536 3061 13505 13523 5402 
2 4 7118 13700 10489 5402 
3 3 13523 6454 3207 
2 16 7413 17096 17058 8848 1610 17002 7619 12172 2393 16968 10719 16894 8499 17017 12504 16936 
4 10 10134 19447 7601 11644 8608 19195 6104 19141 3530 11484 
4 10 20373 20300 12256 20093 4117 19919 4282 19743 6520 10134 
2 6 19806 12170 19807 1065 19918 8718 
3 7 19918 19852 19892 19817 19864 19781 4282 
4 12 20483 1770 4412 20264 20177 20074 11108 7368 1533 19663 19590 10134 
3 5 20114 20094 279 20028 11108 
3 7 19820 19744 4297 19569 19541 6525 1533 
4 16 19462 10640 19336 267 19313 10892 987 10394 3106 19299 7994 19507 19435 5211 19494 10134 
3 13 3632 18848 2156 18866 18973 18945 18908 19009 6580 19107 11031 19206 10394 
2 8 7413 11905 9826 17169 17250 17384 17516 10030 
3 9 18116 18104 12451 3119 18219 2148 6163 18083 18019 
3 8 11577 18361 18315 3781 11421 18171 18117 18019 
3 5 18584 18715 18838 3066 19120 
3 11 19120 19041 18946 18802 18792 12519 5109 18479 11092 9365 11577 
3 4 11484 19075 11270 18946 
4 12 18019 18230 12502 18373 5826 10816 11085 10550 5396 19225 19338 10134 
3 7 18116 3687 17875 10810 7654 17666 10030 
2 10 3632 18750 2416 4340 2632 1219 18043 17953 1768 10030 
2 6 12307 591 6522 465 5581 8149 
1 4 8149 4374 2633 4307 
1 6 4307 5782 12769 498 2 7813 
1 3 7813 1011 2931 
1 10 1011 6035 218 12724 2597 2995 1648 12723 1890 978 
1 11 978 1147 8473 1233 1521 1003 2501 12861 3078 10638 12960 
1 3 86 4590 12930 
1 6 12930 4736 5344 1431 4098 12960 
2 12 12960 12989 6882 1042 12468 1649 3685 1962 13079 2711 3238 12307 
2 9 3207 8249 12278 6560 3423 13141 5829 9536 1042 
5 4 687 13322 8063 9348 
5 9 9348 7238 13435 6706 1347 13426 2791 11987 12686 
5 11 12686 13627 13619 13593 762 2389 13644 1958 9300 13583 9584 
5 5 687 13376 13420 13467 9584 
3 11 13627 5284 13715 4771 2371 12575 10567 14110 4241 7068 11286 
2 8 14110 11758 796 4606 1695 8636 14126 14028 
2 8 1347 10803 2943 995 2911 2932 13233 6560 
3 8 5402 13594 13605 13625 5190 2550 3438 11987 
3 5 1105 2697 13387 10665 13420 
3 6 13096 11101 6822 12662 13282 1105 
1 11 86 1061 12945 4250 2612 13064 6037 13078 8215 2330 13096 
3 11 13096 11438 1919 9784 13184 1646 13270 9640 7995 5914 1993 
3 11 1993 1389 10981 13287 13241 13164 13130 4762 7594 5625 3003 
3 4 3003 1875 10679 87 
1 6 11940 16224 9205 16028 15994 2569 
1 5 16224 12144 16263 16410 16499 
1 5 9155 16668 16510 16391 11940 
2 10 11940 16184 16115 10625 16151 12691 7861 15895 15825 15725 
2 20 15725 8888 15505 11855 15221 15049 10039 11541 14842 5179 14612 4985 14421 8855 6720 14090 11050 10315 2675 13813 
1 6 3205 15456 4821 1561 733 11541 
1 3 14965 14926 14976 
1 5 14976 14935 1683 5639 9937 
1 4 9937 8580 6394 14421 
3 6 8825 3754 8350 12514 2980 15996 
3 10 8825 6746 15740 9775 15864 15976 11043 5194 16354 8231 
3 7 13712 11765 8279 13528 1496 4109 2697 
3 14 13712 3925 7174 2613 14047 1804 14180 5171 14428 14501 14611 12241 14841 11541 
3 8 10082 6391 4917 1772 14098 239 10858 2613 
2 11 15725 6423 15406 7750 8606 6639 6622 14575 7307 5553 10082 
2 25 10082 14258 1700 11848 8908 4962 13952 5092 1324 13719 1045 13603 9503 13568 5178 1522 445 5253 3488 9979 8722 5434 7383 10679 87 
2 14 1324 5092 13777 2976 4067 13647 2850 13589 9147 6281 6060 8444 13631 11765 
2 11 14090 2400 11711 3380 13861 7621 8033 13713 12493 666 8279 
2 5 13861 3711 7834 2793 13583 
2 8 13322 1216 4563 4317 4090 1127 2001 12930 
3 7 687 7980 453 7770 2588 9505 6037 
2 6 12479 13268 8617 159 13255 12278 
3 7 5878 10311 17580 17677 6643 10628 18082 
3 4 91 18306 10041 18103 
3 3 18103 18154 18082 
3 5 91 12325 10768 18582 18570 
3 4 18570 7417 10805 3452 
3 8 3452 19132 3545 10021 1971 4947 19083 1416 
2 10 1416 4152 2027 19168 19060 19007 18885 11756 18750 3632 
2 9 91 18337 8628 18442 10604 18430 12184 10423 1219 
2 8 5878 17431 11653 17454 17355 17432 17294 11509 
2 12 5878 17306 17168 11493 3564 16789 403 3411 10946 16389 16240 7861 
1 9 12606 3807 12550 11730 17429 4889 17539 17635 4605 
1 12 4605 11859 17873 17999 18115 3605 18289 8516 5606 6608 18153 18082 
1 10 3605 7810 10112 18216 7525 18170 4708 18032 12629 18031 
1 2 10657 18031 
1 5 10657 17776 17690 17565 12606 
1 15 12629 11411 18269 8451 18580 18712 9198 7855 19131 1951 19421 19505 8710 19614 12038 
1 11 12038 4895 19722 19659 19506 9011 19396 5731 12012 10455 3452 
1 6 3452 1189 2239 7690 18837 18714 
1 3 18714 18456 8516 
1 6 19659 10901 19908 19949 19970 11331 
1 7 11331 20225 20307 2317 5576 20554 12427 
1 13 11331 7158 20049 20084 5027 20027 19999 7973 19981 19928 19982 844 8330 
1 4 8330 4253 19794 19772 
1 7 1416 19179 2027 11734 19492 6679 19772 
4 5 19764 19891 19984 20071 20141 
4 9 19984 20085 20092 11214 7124 20332 12205 1727 3043 
4 4 3043 20590 20558 20495 
4 3 8904 6604 12205 
4 9 3043 20667 20727 1413 20825 9610 3009 3865 20867 
4 9 3009 20923 20905 20934 7764 20975 5511 8478 21042 
4 3 3009 20960 21012 
4 3 21042 12301 21219 
4 7 21219 985 21169 11195 479 6984 21309 
4 3 21390 5015 21219 
4 7 11592 20764 7250 20653 8995 11604 3043 
4 13 21042 21001 20921 9511 20799 20764 11592 4266 20920 20980 21011 247 20999 
4 9 21308 2079 21276 7989 5341 21349 9181 12455 21390 
1 5 21424 9382 21348 2079 21308 
1 7 21357 21298 21250 4733 6389 9280 20999 
1 5 21308 6619 21290 21298 21357 
1 7 21357 21401 21436 21484 4579 21548 21586 
1 2 21586 21569 
1 5 21569 6630 21450 10968 21308 
1 7 9280 12014 9754 8692 20599 5019 1385 
1 2 20736 8692 
1 6 1385 10397 20308 12460 5121 19928 
1 13 9754 20784 8123 20752 274 20726 20665 9315 10542 11039 10945 9958 2317 
1 15 4733 7037 11777 10745 12212 20836 3837 8557 9401 20701 11178 3840 20676 9373 12427 
2 13 4605 17514 17339 17202 17107 17085 17086 4494 16838 11543 16769 3148 16789 
1 18 6639 15048 11110 4028 15558 4506 15975 11030 16342 9803 12063 16788 7960 9878 17093 12283 7058 12606 
1 6 16368 16387 2496 16388 5784 11030 
1 7 16368 9706 16768 7536 1164 9245 12606 
1 10 10091 12816 230 7375 2676 358 427 8585 9541 13137 
1 12 87 1150 6257 961 118 13202 11430 13163 9946 2910 9541 13137 
1 31 13137 3526 9414 13169 6578 13127 13168 1735 8620 13161 4113 7781 2436 3198 6007 11694 9596 9820 3574 13111 6492 13117 3041 3206 12438 6598 13041 5379 13082 9021 13065 
1 5 13153 5490 6349 13110 13065 
1 7 12581 5086 12902 2710 12959 5196 13065 
1 11 12773 2343 8721 2763 12903 12272 3239 13008 13053 13083 1735 
1 11 10091 8454 1609 2902 4838 11397 6840 12870 3778 12883 12903 
1 5 10091 10355 1128 6084 12748 
1 14 12748 3433 3843 1181 6292 12842 521 9591 9517 12974 7 11598 5625 7594 
1 5 13399 4684 13361 4027 799 
1 7 799 2372 1030 13210 9414 3526 13137 
1 8 799 13401 410 4354 3549 13574 4216 11098 
1 6 11098 7442 13834 13908 4012 14066 
1 7 11098 6006 412 13615 7700 13689 5620 
1 8 14066 11994 6183 623 2582 3358 14456 300 
1 12 300 9005 8376 10079 15031 9707 8181 15405 10583 1903 15721 11841 
1 7 11841 15992 16125 6121 357 16611 8749 
1 9 16962 16913 16834 16724 944 6834 16553 16677 8749 
1 8 17041 17165 17335 7316 17512 891 1590 9639 
1 2 17041 16962 
1 9 9639 17916 17817 17768 8786 17629 17560 8684 3897 
1 13 15474 15393 397 15511 7354 15512 15616 1134 15567 11219 2704 11059 11841 
1 6 15474 10990 15720 6572 144 16173 
1 9 16173 11594 16497 627 8135 16951 807 17234 3897 
1 7 16173 10415 12391 7524 16251 9932 11019 
1 11 11019 12525 16663 12396 16978 17111 5204 17426 17468 17414 4161 
1 7 15474 15362 8666 15264 6767 15173 1338 
1 15 1338 5182 14901 2636 7608 1017 14393 4850 14194 12055 579 10477 8752 14527 6826 
1 11 5620 13791 354 13907 13950 951 1074 5530 9403 14207 4850 
1 13 15393 10603 5771 11366 10678 10242 3052 4158 14394 8060 14195 10276 14066 
2 17 8749 16964 16889 4922 4538 7308 11348 9772 5645 4036 5508 11427 860 10330 10547 8147 17382 
2 4 17382 17394 1091 17236 
3 6 17236 6929 2331 17179 12343 17113 
2 6 17113 154 16808 16613 9088 16221 
2 6 9088 2696 2167 9044 10016 16385 
2 4 2167 15960 15877 15773 
3 8 5327 10176 14903 12309 15278 10025 5241 15773 
2 14 16221 3446 16207 3541 16261 16280 11455 16195 7420 3943 16072 12675 1187 15993 
2 12 15993 1187 2415 15453 3290 8253 8352 14834 14773 1980 11515 300 
1 6 15993 16127 5134 16237 16310 11348 
2 8 17236 17043 16902 16726 16509 16471 7420 3943 
2 4 17382 17575 17673 17789 
2 7 17789 17895 6314 4313 18382 5741 18592 
2 6 18592 11902 7729 18992 9508 11976 
2 10 18884 3737 11819 665 18846 4024 9658 18737 18629 18382 
3 9 11976 10235 3788 19375 19444 5167 8984 19656 19697 
1 25 9639 10643 5824 17968 2897 18137 18258 18334 18429 6229 18512 6011 9261 18915 11621 4124 1295 19404 1525 3180 19719 19677 2477 19668 19697 
1 6 18884 18861 18875 10526 2765 11621 
1 5 4161 17609 5073 10586 1651 
1 11 20356 7933 11358 7752 19934 19835 12127 11901 4921 19265 19163 
1 13 1754 11535 20079 5294 20046 20066 10979 20158 20228 20299 669 10882 20356 
1 6 1754 7476 5007 19731 7665 3180 
1 8 11621 11955 12637 12162 10363 19117 19209 5860 
1 8 5860 7892 19403 7044 19389 5927 19575 11901 
1 6 19163 12553 12265 7870 18962 2111 
1 11 9639 18181 1174 10341 18283 5872 18267 18370 9909 7990 2111 
1 12 18267 18180 9101 18018 17987 6083 7151 11180 8816 7986 18164 1651 
1 10 18228 18357 18491 3857 18833 3997 19153 12201 5243 19535 
1 2 18228 11180 
1 4 18833 668 18982 19037 
1 5 10491 19884 19788 6803 9753 
1 2 19740 6803 
1 2 8175 20718 
1 8 8020 20810 20768 20707 20680 20670 20607 7790 
1 6 8020 20760 20695 5703 9506 20378 
1 6 20442 6794 7580 20171 7067 10491 
1 2 20442 20378 
1 12 20442 20511 20562 4489 20527 2796 20379 20415 20501 20603 6252 20718 
1 11 20379 3674 3378 9535 6707 19944 5100 19686 19628 19574 19535 
1 7 9753 12664 19365 19264 3045 19058 19037 
1 11 12664 19469 19563 3927 19500 6901 5848 19124 19028 8036 8672 
1 7 1651 12213 10557 17757 1154 17672 17739 
1 7 18563 9131 18590 888 11061 12676 10958 
1 8 19535 19502 19490 7258 10388 19768 19758 10172 
1 7 10172 19811 19776 4144 3746 1690 11901 
1 6 2111 18834 18777 8226 18747 18833 
1 14 20356 6540 20475 10218 882 20662 20625 20692 31 10467 10043 8507 20817 20802 
1 7 20662 20740 9659 9652 20929 20976 7226 
1 7 21562 5207 21447 21387 10390 21343 3895 
1 2 21388 3895 
1 9 21387 7620 21249 6437 10109 415 2600 9924 20817 
3 20 300 14490 12178 14346 14347 5097 14284 14202 9612 6512 1641 9995 13792 5260 13766 8489 10464 4044 13798 5913 
3 9 5327 11182 14293 14197 6545 5770 13899 13860 5913 
3 8 5913 11601 6489 6868 13547 11838 13416 9979 
4 11 5913 13894 6815 7920 4234 4539 7217 14465 1161 8455 9538 
4 12 9538 5269 9041 15210 15352 15490 9169 11377 189 11117 16150 3603 
3 12 16385 5616 11687 9452 16073 16136 2493 2426 16329 16350 16408 3603 
3 12 3603 16341 16427 16367 5869 11274 12665 16386 7592 16209 10226 16368 
3 14 9538 10257 81 10446 14766 14794 8836 12385 14620 89 8237 8610 764 10082 
1 11 17113 12544 2224 17562 6359 11152 2958 18185 18204 11949 10955 
1 9 19419 19275 8683 19018 2841 1292 9769 18495 18360 
1 6 18360 12321 18347 18229 18234 9921 
4 15 9921 17974 3559 7823 8090 7457 10658 3586 16992 16856 16757 9722 16350 16408 3603 
1 6 18360 11606 18383 11289 18359 10955 
1 9 19419 7377 19579 19549 8526 143 2081 19778 4617 
1 24 4617 19837 2966 19986 19946 9644 12052 20282 20354 8870 20358 12218 20416 11828 20476 11341 20339 7253 10862 20025 4029 19880 6134 19697 
1 9 20476 20538 20605 11847 20697 20769 11530 1821 11163 
1 12 20971 9048 20972 8720 7751 7547 21009 20974 20997 3055 5017 7534 
1 15 12248 2577 7547 20973 10189 10798 5900 20643 8442 20427 6237 20235 9018 11340 4617 
1 10 20971 10889 1978 5145 892 20991 7788 5870 21128 5758 
1 6 5110 21369 6992 21258 6320 5758 
1 8 21752 5183 11890 2947 12156 7742 1409 5110 
1 3 10618 21508 7742 
1 9 5023 21405 21344 21270 1488 3463 10686 20990 11163 
1 8 21221 21178 8174 3972 21032 3302 2777 11163 
1 2 21178 21199 
1 20 7226 5725 20803 20741 4871 20671 11355 20672 4264 20616 20655 4232 20627 1892 20610 20673 5803 20749 20724 11530 
1 11 19419 19523 19698 19791 9229 11158 20229 20326 9045 20515 20551 
1 9 20515 20418 6991 20250 5827 20431 20477 20468 3987 
1 2 20419 6991 
1 6 20430 5827 3714 3604 3702 20469 
1 5 3987 20552 3413 20553 8357 
1 8 20469 12652 9558 10302 3354 10304 3227 19679 
1 4 7189 20048 19968 10304 
1 12 20516 8682 6098 20693 20763 9497 6222 9594 21074 4698 1939 21289 
1 5 21289 21315 6465 1327 2203 
1 9 2203 4674 21418 21422 21364 21353 11075 5599 21357 
1 8 12427 20621 3427 20581 20564 20636 20708 20763 
1 6 20516 20420 3694 20162 20083 7189 
1 7 3694 10042 20037 9942 11879 4411 19459 
1 3 19459 288 1951 
1 9 19459 11302 11483 19104 18943 8297 6401 6917 18578 
1 14 18578 4630 9469 3163 1272 18113 18051 17950 17820 17703 17633 17501 17407 10658 
1 18 9469 3163 18286 18214 2165 4021 7660 12094 18537 18661 1752 18864 18968 1250 19212 19287 6844 19419 
1 8 18578 18476 9106 18215 18114 8144 11186 10657 
1 9 19679 11540 9664 19237 19130 19005 11767 9075 18578 
1 17 19679 1677 19633 3093 12124 19632 5757 10936 19710 9098 19631 19538 19630 19566 8689 19420 6844 
1 4 7189 11415 11759 4411 
1 7 6826 14526 1369 4429 12523 12487 1671 
1 5 1671 3203 12491 3636 7074 
1 8 10978 2732 11335 9057 14510 10828 14677 7074 
1 5 1193 13762 10184 9728 13658 
1 4 1193 8717 5059 373 
1 2 373 7649 
1 10 13355 220 3220 851 13259 13294 4837 13386 513 7649 
1 7 13259 851 11824 6688 11658 3071 11694 
1 9 13355 613 11334 2590 5607 13394 2437 3107 13399 
1 14 5620 4132 13706 11741 10440 3189 10253 7926 3696 651 6368 2221 13425 13355 
1 5 513 6364 13258 7384 11904 
1 6 11904 4175 3594 5873 12643 13110 
1 8 1193 13762 10184 9728 4345 6365 13824 11312 
1 8 11312 7421 8704 10145 11469 2243 7441 12689 
1 6 10978 8008 5058 13921 4622 1193 
1 2 1193 13849 
1 4 12689 14911 9023 6499 
1 8 14193 3952 8256 14478 1464 5744 14820 12689 
1 5 15788 15636 2565 1096 6499 
1 13 7074 14781 9171 5944 14984 3185 15127 15293 5721 11241 10920 12022 15788 
1 7 3445 15694 2472 11457 16060 16096 1528 
1 9 16340 16248 16097 7280 2006 16232 16364 16309 1528 
1 9 16248 12419 16647 8839 16804 6362 17022 10186 17229 
1 7 16340 16234 5202 8668 16025 8879 15788 
1 10 3445 15635 15548 12671 15338 4344 15113 15005 3026 14820 
1 6 10318 7097 3969 7388 15832 11457 
1 4 11014 3383 9513 15971 
1 10 1528 7902 9920 7530 6438 16564 16644 16778 16888 5317 
1 8 15971 16001 16084 8723 16181 16122 9709 10318 
1 7 14997 15140 5885 6607 15593 15716 3633 
1 5 15593 11409 7027 7609 11014 
1 5 17392 17274 2646 9284 5317 
1 5 1943 6776 17961 3331 17811 
1 8 1943 9941 11568 17839 10929 17850 17767 4713 
1 10 4713 863 17449 8054 3973 11887 9197 16722 7780 16364 
1 7 5317 7252 11738 10826 17588 17709 17811 
1 9 5317 6093 17258 259 3128 2977 17838 6776 1943 
1 2 17851 4713 
1 10 17851 1310 17745 5493 2089 11853 1691 17331 22 17229 
1 8 17229 11582 11488 3884 17785 5438 18036 7585 
1 5 10958 18449 11394 18668 8672 
1 6 17739 6649 17984 8310 10958 18449 
1 7 18563 10208 18564 7323 12139 9560 3857 
1 8 9588 8067 19706 19729 19848 19826 6446 20004 
1 11 19547 19534 19609 10865 19598 19653 19705 9258 19757 19846 19941 
1 6 19705 19562 1287 10055 3447 8211 
1 2 19562 19625 
1 12 19562 19364 7678 19279 19280 1237 18959 4301 18795 18894 7352 18960 
1 5 18960 4820 18734 18746 8672 
1 6 19547 9386 19626 6026 19729 19706 
1 10 8211 19234 2271 19442 19414 5305 19546 19584 19641 8588 
1 7 8588 19675 19608 19665 19555 19532 1654 
1 16 1943 5236 10428 18366 4357 5104 18832 3282 6801 19114 10017 4295 19413 5558 12631 1654 
1 4 19955 6228 7769 12631 
1 5 19955 5957 19833 6985 8588 
1 5 19955 1801 1687 20123 20170 
1 7 19955 12618 10026 19994 3002 19954 5950 
1 10 19955 19845 19748 19728 11305 7393 19756 4981 19674 2351 
1 14 19955 12618 10026 19994 3002 19954 5950 20135 7723 4629 20179 11193 3133 5368 
1 16 19955 19845 6491 10842 6051 7393 19756 19844 5223 11964 19738 12235 19755 19786 19824 19923 
1 4 19545 12694 19824 19923 
1 4 2351 1151 19187 19161 
1 6 18757 18856 18905 3448 19078 19161 
1 14 18757 5104 7411 18532 18486 18533 18487 18395 1831 8837 18367 18322 11956 7585 
1 14 8211 19123 10999 11830 10886 19207 8845 19233 19188 19242 19218 4740 19321 5558 
1 10 8211 19152 3979 12275 18844 794 18758 11306 18509 18368 
1 16 18368 7148 18281 2937 18378 18323 12157 2049 18076 17983 4901 4500 9422 8286 6649 17739 
1 20 11019 11497 16539 16521 3517 16609 16661 9837 7572 16932 6276 11093 1411 17425 12583 7523 17698 17813 17802 4901 
1 15 7585 18119 18176 2868 18177 11665 8136 18152 18201 11370 18202 18310 12333 9008 18368 
1 8 8845 19136 5533 9582 4457 18465 5778 7585 
1 4 19955 6228 4700 19665 
1 4 19955 5957 19749 19608 
3 12 481 2366 7109 2817 5727 1263 9163 1813 559 1746 4839 13517 
3 5 13517 890 5742 5575 4952 
5 9 4952 8834 13911 1107 4427 6874 14252 766 14396 
4 9 14396 6299 3813 7399 847 5431 12189 9086 11760 
5 8 11760 10391 800 15240 948 9237 15223 15135 
4 5 15135 15301 2665 15561 3871 
5 6 15135 4287 1118 7462 14666 3676 
5 2 3676 9367 
3 12 14666 1395 14705 14762 14614 1549 14693 14734 14654 14704 10223 3813 
4 6 3813 6299 2829 8932 14422 3326 
3 9 3326 14530 14600 14599 14639 14777 5403 4202 7518 
2 8 14530 14714 10280 6079 12573 8025 15222 15357 
3 10 9269 15549 15370 10575 59 6813 7473 328 2829 14396 
4 6 395 14156 886 10450 766 14396 
3 9 8596 7882 11233 13887 3172 12103 10450 766 14396 
2 12 14396 14315 4390 4427 1107 13911 8834 4952 13675 12298 11934 4114 
3 7 8596 13575 5502 7484 327 6223 13219 
4 6 9163 929 9791 2354 707 13219 
3 7 5575 12231 3472 4283 11204 1068 8596 
3 13 9367 9641 14391 14311 5061 14219 14118 14057 4501 13912 10577 11153 4952 
4 4 16396 7795 4724 16732 
4 9 16396 11216 12430 15922 15781 15648 3697 15344 15215 
4 9 16396 11771 3528 16243 16118 626 7584 1930 12116 
4 7 16396 16344 16253 12483 16433 10445 16457 
4 11 16433 16331 9524 3967 16019 1941 12160 15700 6653 15661 3394 
4 5 9524 16446 16513 2473 16810 
4 7 16810 12296 17146 3131 17484 4870 17733 
4 5 17733 8607 17909 17979 17992 
1 11 12813 10789 5720 1354 3276 12818 12821 1191 6055 350 12783 
1 3 4000 172 3276 
1 3 12860 4230 12813 
4 5 21514 7266 21430 5346 781 
1 12 2203 21482 21522 11323 21634 21676 9989 4473 8503 6164 9859 8424 
1 2 8503 8582 
1 12 8503 4473 21753 11662 10293 2198 21802 2387 2877 3506 6420 21803 
1 11 11374 8386 10616 10413 21901 6080 6893 5040 7893 3930 10329 
1 14 11374 6403 6282 21820 4193 2296 3769 10932 9957 6930 21872 10203 12320 4226 
1 3 11374 3692 8503 
1 12 11374 3692 5615 21832 1998 8424 21834 6865 21863 21886 2680 11297 
1 5 1514 22071 8302 22029 10329 
1 4 8285 22015 4648 6893 
1 3 6176 4927 2792 
1 8 4927 4643 1721 6043 7802 5471 21980 6893 
1 13 11374 21857 3138 8835 9083 8917 880 22051 3547 5940 5761 6014 9776 
1 3 22189 6513 22123 
1 4 22123 7185 22115 5940 
1 6 9776 22211 137 2181 12322 2228 
1 7 2228 22258 4312 639 8340 838 12106 
1 7 11297 7650 21924 1300 1469 1827 7041 
1 21 5761 3457 2669 2269 22209 2181 7972 2223 126 8340 838 2037 22196 22175 10321 2335 12299 22150 2144 22134 505 
1 7 10321 2335 22104 158 7275 22012 7041 
1 12 3457 2171 12463 1888 4543 2488 1733 22030 9853 2406 21932 11297 
1 6 12106 998 22273 448 22314 1627 
1 7 1627 4137 1936 5032 102 3130 12033 
1 5 1872 22427 22416 3293 22395 
1 9 1872 1527 2014 433 9466 874 6102 22352 1627 
1 12 1872 9489 2530 10367 5254 4005 5786 5248 22421 5095 3130 12033 
1 16 22395 22384 4497 3569 7440 20 2142 548 3441 4159 3325 9865 201 1843 2883 9770 
1 7 223 3766 548 2142 20 4013 9797 
1 7 5554 11529 7512 8291 1847 123 9824 
1 8 9770 71 289 9846 1847 22340 22306 10063 
1 5 10063 12363 3529 340 4247 
1 11 10063 7822 22282 4784 22302 2175 6914 768 11224 7059 9797 
1 10 5554 2775 4205 4013 7059 6547 6124 22251 157 6176 
1 9 9273 1601 5221 22251 2465 22240 2040 8221 11590 
1 5 11590 7016 8378 4703 9776 
1 9 9797 248 1916 3270 722 121 9675 4384 769 
1 8 769 22324 11858 22331 4878 3577 520 22352 
1 3 2228 2065 22324 
1 7 22250 3993 2411 991 10837 1405 22306 
1 5 9273 574 5518 22278 4784 
1 5 22189 8779 10480 3245 6176 
1 6 22398 4272 2964 8257 2242 22426 
1 7 22426 11161 2828 22383 1605 1965 22323 
1 6 2301 3353 1674 4571 329 22426 
1 8 12033 1573 22399 182 701 5391 162 7364 
1 6 182 1316 22385 1669 22400 2301 
1 9 2725 6856 399 22290 603 9822 11086 4834 11443 
1 6 1532 6110 522 22257 4834 11443 
1 6 11443 4540 8787 2955 22154 22138 
1 5 11443 4540 8787 1301 359 
1 14 359 10436 4675 22214 22206 22186 2540 22161 11449 10582 4224 4752 277 22181 
1 6 22181 22195 685 22232 2562 7364 
1 3 22181 3311 2144 
1 8 22273 216 8261 3330 22271 3610 162 7364 
1 6 7364 22292 2621 1613 22317 2725 
1 6 2301 22400 753 22378 5738 2725 
1 9 753 39 8773 6817 22362 3297 22337 22326 22323 
1 2 1532 3297 
1 12 21357 21401 21493 7486 21604 9416 4145 21693 2385 21741 2198 10293 
1 6 21586 1435 9416 9036 5922 3848 
1 3 3848 21701 21741 
1 7 21803 4391 5966 21672 21625 1423 21569 
1 5 3848 7248 21738 1028 21753 
1 19 5130 17956 17829 12442 8316 18279 18339 18461 18586 18664 18755 18851 7315 805 7453 19381 19476 8095 3499 
1 13 18085 18195 18272 18364 2628 7786 11701 9187 1977 19300 19465 12079 3499 
1 8 19144 19301 2091 9531 19483 3303 6916 3499 
1 12 18852 18954 9232 11703 8997 19088 1977 19318 19381 19482 2149 19571 
1 7 7961 4347 918 20322 1665 2146 5864 
1 21 20704 20649 20613 6050 2192 20437 5864 20335 20266 20210 20105 2645 7921 1948 19724 7997 8028 9906 2785 5704 3499 
1 10 20200 3898 20040 7938 19912 19911 19796 19684 19724 7997 
1 10 18421 4710 10196 12554 7759 18910 18953 19064 805 7453 
1 5 7282 18351 12569 12317 18431 
1 8 18431 18648 6456 8098 7154 18987 19121 2380 
1 4 2380 5911 19496 7303 
1 10 7303 19605 19735 9298 19961 20039 20142 20279 20374 20434 
1 12 20434 20518 20584 20634 7627 6831 20859 6194 20994 11908 11608 21124 
1 9 21124 2433 1840 21333 901 21452 6472 21549 12612 
1 2 21142 21124 
1 8 21549 21506 4173 4219 21384 21367 1673 21300 
1 12 1673 21379 947 11725 1763 21445 894 21502 21520 5605 21553 7979 
1 6 9100 21451 21553 5418 1901 21636 
1 6 5418 12115 9592 3414 2939 6531 
1 9 12612 6973 7160 21742 5175 21811 3201 6431 6757 
1 8 6757 8202 9426 21945 21973 3385 22014 6442 
1 10 21994 21973 809 6063 11683 21846 5788 3494 21733 6531 
1 16 21733 3494 7366 10910 21779 1761 8812 21824 3201 8333 21789 9952 21696 21670 6511 12612 
1 6 6531 3396 21823 4996 6765 4877 
1 6 6442 22034 7556 5568 2498 4644 
1 22 12612 10792 12336 21487 12253 6750 21363 964 21273 7039 12609 21134 8248 51 20924 20846 324 20794 2920 20847 20855 9287 
1 10 9287 20822 6066 20766 7666 11288 11952 5103 11772 20086 
1 16 20086 6775 468 10354 12142 1595 8059 19874 9037 11408 2435 10052 2159 5274 19288 2380 
1 20 20434 20319 7873 1097 10029 19854 2200 19830 11408 19752 11291 10432 19591 19498 19316 19228 751 19170 11895 19143 
1 3 19170 19056 18935 
1 10 11970 6238 6419 19529 3841 8872 3682 19269 10373 19143 
1 3 19012 7488 3682 
1 7 18910 2179 6041 19229 19317 19398 6419 
1 16 11970 9387 6086 5497 9543 9965 10710 20226 5919 4437 20407 12414 9172 1169 20542 10225 
1 7 10225 7129 2814 2068 3864 20832 818 
1 5 2192 20679 12562 8627 818 
1 6 818 20917 20918 8970 21005 21038 
1 9 21038 7894 21094 8599 504 11743 21225 10 7051 
1 2 21038 9961 
1 7 6814 867 21491 9624 8960 1686 7051 
1 8 7051 21374 21427 21489 9430 21555 21575 21619 
1 26 21619 5702 21614 7365 10662 3924 21613 12108 21588 11990 290 4875 21574 11282 7012 1773 21641 6283 21690 4383 10300 7912 21662 1172 3638 21530 
1 28 7051 10269 12354 21293 11744 21238 21209 12167 7656 21092 2831 21125 21097 2526 8958 20947 6646 20848 11664 1719 5821 20870 20869 20892 20925 20897 5285 9287 
1 12 21139 7656 11384 1798 20887 20849 20787 20716 8633 5998 20592 10225 
1 18 21139 21138 6774 980 8394 3324 21328 10410 5146 11822 21546 4875 21574 424 1275 4790 8625 12092 
1 8 12092 21302 21245 10512 21119 11119 10696 9287 
1 15 21328 9113 6837 2718 21036 8985 21061 4899 11596 1626 3345 21081 7904 21078 11119 
1 2 5151 1798 
1 17 20086 20152 5544 20280 20255 10927 501 3905 5482 20265 7981 532 20218 10023 20285 20313 5919 
1 13 1798 20886 20830 20767 5663 20730 20723 20713 5643 20534 11974 8594 532 
1 7 571 1629 9486 11813 1218 8162 4851 
1 8 4851 5633 11003 2799 1248 670 21923 11057 
1 8 11057 6058 2641 21870 2986 21825 21835 8333 
1 9 11057 9751 6008 2391 10322 21795 8199 2758 6283 
1 15 11057 21894 10833 21956 7081 6953 1418 22001 21987 1625 5401 21880 1349 21866 3677 
1 7 3677 6510 10691 7306 3847 21997 2172 
1 19 2172 6300 5556 5387 12639 12078 5902 21871 21850 2906 5427 21743 21718 7392 9020 7190 6254 867 6814 
1 6 6814 4096 21356 8416 3893 6042 
1 7 7676 9851 4809 21148 21167 11279 6042 
1 2 6925 11279 
1 12 4179 2575 21698 9327 21633 5814 12339 5308 21330 7153 21172 7676 
1 12 7676 110 21173 3109 21226 4225 21294 21254 1870 7157 21341 990 
1 12 21188 12358 21281 9341 1724 21164 1505 21230 21187 335 21121 5198 
1 2 21230 1870 
1 4 990 21336 9657 21286 
1 9 21281 21336 1706 21465 21540 7312 8793 21667 8141 
1 7 8975 10896 21525 1225 21653 2323 8141 
1 6 8141 6262 7494 3365 7836 11250 
1 7 8141 12693 1693 4334 4284 21839 7216 
1 10 8141 6262 7494 3365 7836 3317 1203 8694 9384 5483 
1 5 6076 21992 12062 9384 5483 
1 6 5483 9774 5857 4960 2483 7216 
1 11 8141 7024 6731 1466 21700 4187 10326 11172 2306 21736 4179 
1 15 4179 2543 760 2480 10474 4082 8230 21912 2616 1142 22007 8001 22044 2994 1694 
1 6 1694 7635 22124 11737 6908 58 
1 9 58 2413 368 6533 4077 22200 8611 22236 3670 
1 6 22249 4791 8312 3118 3262 3670 
1 6 4404 22144 9246 22204 7030 22249 
1 8 4404 4080 6635 6265 22037 1152 22021 5483 
1 5 7297 4209 4567 3046 22249 
1 7 7297 5804 2660 7254 11388 997 22224 
1 5 3790 2677 22253 7274 22224 
1 7 5364 8745 9967 22201 7378 539 3790 
1 4 997 2886 1117 11960 
1 7 22048 430 3274 2535 1274 9555 11960 
1 5 6076 2127 749 22079 2535 
1 11 11960 184 6654 10312 11691 22130 2952 22128 11739 4659 22204 
1 6 3542 22343 22366 576 2345 22413 
1 6 58 22229 4923 22277 9992 3542 
1 10 3670 22284 22304 2405 480 8552 1569 587 134 22413 
1 8 134 6323 1681 2346 2546 63 2100 1047 
1 2 22380 2546 
1 9 22380 22373 1066 1580 2622 9626 10092 22295 7297 
1 3 22380 578 480 
1 7 3542 22322 887 567 4607 5842 22379 
1 5 22379 1394 3700 2297 2206 
1 10 2206 1874 679 4601 2248 96 22422 2783 22425 2913 
1 5 2913 22438 4003 22432 4376 
1 5 96 2248 9934 966 22365 
1 11 22365 22341 8383 22307 4365 5087 22225 2988 22160 241 22110 
1 11 5842 2603 22321 4045 22263 22247 22225 2988 22160 241 22110 
1 5 22110 6722 8109 12228 1418 
1 4 6442 3585 5246 22060 
1 9 5246 1834 6536 6469 2740 1054 22241 8265 22205 
1 4 22205 977 1879 1556 
1 6 1556 22297 22325 2845 791 12100 
1 7 12100 1021 2458 2275 22410 5813 4376 
1 9 1021 2464 6875 8757 8004 2731 1717 22234 7125 
1 8 3812 9882 4782 1031 3846 9745 4106 2110 
1 2 3812 1021 
1 5 515 732 1432 8449 1054 
1 7 571 6570 22132 8124 622 8184 515 
1 3 7125 22190 8124 
1 9 2110 8592 269 7335 834 22377 1130 22394 2248 
1 6 4851 22117 4030 9800 7722 22160 
1 10 21994 22017 1100 9119 4032 10364 2663 22028 4373 2799 
1 4 22392 677 12059 1047 
1 5 2631 22434 1188 5139 1047 
1 14 1047 12323 7846 2341 1816 22444 6038 4142 6960 3709 4541 1106 11431 2206 
1 6 19560 19753 8551 8818 1373 20144 
1 22 12634 8817 20145 3257 19877 8530 10517 19560 8491 19342 19258 19181 8695 18978 18903 7342 8520 11518 18174 10963 5723 1933 
1 16 11783 871 17662 7648 18006 88 18317 18426 11513 5268 18928 19077 19186 992 8491 19560 
1 16 12647 17064 17152 4905 7386 17348 10516 11623 17557 17661 7835 12081 9145 18057 8182 18198 
1 14 17661 7835 4386 18199 8173 18414 5261 18842 18956 5652 19232 19292 8491 19560 
1 4 17995 8130 18160 8173 
1 5 6210 6417 18222 18318 18317 
1 14 19560 2430 19342 19258 19181 8695 18978 18903 2474 18729 18588 12196 8601 18559 
1 5 19544 19583 9405 19448 19342 
1 14 16134 9223 12660 16217 16156 16273 8925 2643 16562 16546 10201 16720 16848 12647 
1 14 16402 16218 850 16257 7066 1143 3136 16082 16024 16059 5903 15951 15888 9223 
1 12 11301 9901 11318 3487 15011 6555 15337 1195 15652 15816 16008 7066 
1 10 11301 10566 14351 11386 3444 6648 4382 14314 4507 11528 
1 6 11584 16321 6966 12512 5475 15784 
1 13 15784 15615 15499 15347 15202 12572 8950 10365 11605 14553 8645 53 11528 
1 4 8251 12294 6111 15202 
1 8 11591 15056 14972 14865 14780 14659 9124 3444 
1 8 5531 9138 10818 116 3683 14973 5696 14858 
1 7 14858 2476 11825 784 15042 4943 15202 
1 8 15486 8669 7054 1277 15702 9604 15668 5531 
1 9 14535 14609 4732 14889 15004 12434 15291 12064 15486 
1 8 13630 8621 13786 13776 10265 5789 9750 65 
1 9 65 5635 10452 12589 5111 10287 11183 14800 14858 
1 4 4435 1594 8214 13630 
1 13 1933 10578 10247 17300 17209 5628 11375 17103 6783 5641 16618 16400 4672 
1 9 4672 16215 6517 8873 5069 3615 5809 16245 16216 
1 10 16216 16143 16068 15985 11789 4038 12284 2118 8282 15986 
1 8 16546 407 16272 10358 15986 240 11349 16156 
1 8 15986 15830 3421 10060 11350 10672 14970 128 
1 4 14336 6278 6234 6146 
1 6 128 14857 8494 3355 14716 4337 
1 4 6278 5055 14697 4337 
1 12 6146 4214 14075 14003 9047 8019 13748 8998 11792 353 4352 7509 
1 12 7509 3147 13385 6248 2580 9002 3424 4062 8417 13539 6699 13580 
1 5 13580 2717 13545 4533 8733 
1 8 8733 4533 5029 7796 13315 13274 13232 1085 
1 10 8733 13566 8252 13645 5745 237 5035 13935 4787 11528 
1 5 237 6788 4395 8490 6625 
1 5 6625 11686 1747 1542 13551 
1 6 2672 7535 13462 7668 3887 13551 
1 9 2672 13415 13433 13432 6829 13336 1589 13316 1085 
1 4 2672 13310 5520 3332 
1 7 605 6496 5736 1912 1664 13317 13310 
1 11 1664 13256 3853 2298 605 13133 6185 7824 3395 10361 877 
1 12 13256 13286 4975 13275 4103 13250 13293 12295 13307 13360 13363 4435 
1 6 877 13145 5988 2124 8647 846 
1 9 4435 13446 719 13304 7146 13217 13167 8647 846 
1 10 846 13014 3334 12939 8370 7799 9035 4353 12807 5794 
1 5 5794 1586 2060 12882 554 
1 5 554 5003 9601 933 605 
1 6 5378 5650 3310 2314 12804 5794 
1 21 2722 4955 8045 8190 6987 13107 13103 3519 13034 5235 12992 5501 12967 1399 13024 13049 4640 6105 2191 5655 12905 
1 5 12905 3525 2191 1498 13067 
1 14 13067 7400 13132 13190 1309 13300 8362 4948 13480 401 5632 1129 12029 2573 
1 5 1882 1251 2692 8390 1608 
1 5 14366 10914 11008 14058 1608 
1 5 1608 11132 2453 11913 2573 
1 10 5655 12268 600 13031 8488 13123 13173 1194 3584 2017 
1 6 2017 13364 3698 13513 9874 1129 
1 22 13232 4983 13237 2002 8575 13226 9855 4755 13351 8794 4946 3563 3866 13384 13408 6747 13398 9286 13373 13382 822 5986 
1 2 7509 3563 
1 17 5986 10159 4071 8305 1736 9676 4944 3141 8510 837 2982 7943 5679 13856 13865 13944 6550 
1 15 6550 14011 14030 5384 3861 14017 6343 7804 10132 2249 13914 370 2661 9565 2425 
1 2 2425 13774 
1 4 2425 13956 12098 9925 
1 14 13774 13714 7401 6115 5407 13570 4568 13431 5288 188 13201 13157 1357 13067 
1 10 5288 5072 2053 4525 553 8392 13140 1805 13097 3519 
1 6 9925 14113 49 3671 12457 3900 
1 6 9925 3743 8716 14358 8217 7320 
1 10 3900 10760 10405 589 8631 1345 5714 13961 7228 2573 
1 6 7543 8523 14253 14141 14119 1345 
1 4 12601 2571 15851 5765 
1 8 15727 12601 11998 10204 4911 15552 4669 5916 
1 6 15727 7958 15757 15898 2211 16077 
1 7 15727 1584 15440 4902 15272 2655 5781 
1 7 5781 6191 6583 6142 14683 14571 7543 
1 14 7320 704 9854 8006 14862 4485 5781 2655 8541 15461 11523 1584 15727 12601 
1 9 12601 15867 6139 11617 8470 5001 16717 4299 17005 
1 12 16969 5711 4212 16717 16652 16653 10553 7590 3435 592 11560 4933 
1 17 12601 15727 7958 15757 6493 15640 15663 2830 2486 9043 8484 3429 11046 5884 3420 15428 10777 
1 17 10777 11656 6809 11578 12198 16373 4324 16702 12640 12580 17133 5686 17436 9121 17682 17781 17925 
1 11 17925 12036 18196 7412 18470 18680 11006 18902 18947 5222 19231 
1 8 19231 10370 19466 19572 9042 11619 19985 10590 
1 16 19716 19737 6095 19717 10772 6271 11619 19895 4785 305 7029 4865 20120 10339 20192 2715 
1 13 6245 8756 10754 18772 3681 658 18870 10922 19024 3641 19255 1386 19231 
1 8 19147 1944 19239 458 19172 3641 19146 1386 
1 15 2715 20131 8219 19922 19832 19727 11073 19553 19438 5398 12112 7454 18976 18854 6245 
1 16 6245 18544 18328 18255 9637 11704 3263 11652 11751 17772 6225 6462 17888 4521 17911 17958 
1 2 1562 11704 
1 15 6462 17696 17660 17549 12668 17273 2639 17122 3145 2031 11320 7821 5142 16825 6783 
1 31 16305 9512 16561 6313 11454 16736 16864 16942 9330 16941 2086 16940 11742 7451 12119 17120 17185 11717 9027 17119 3920 7675 17173 17272 9290 2155 9495 10804 17495 17616 9121 
1 8 11751 6863 11723 5912 17148 12247 11538 11454 
1 16 4352 7850 943 12467 9647 10485 7304 2863 11659 10934 13878 541 11232 12001 10285 14031 
1 7 14031 8170 7337 9501 14148 7087 14191 
1 11 14191 5638 14018 3782 13957 5921 10930 13881 13939 13944 6550 
1 9 14191 14276 14404 6452 2566 4300 10220 2126 14981 
1 6 14981 4049 14968 15052 14980 15076 
1 12 15076 2671 14827 6839 9479 14685 14572 14486 14392 1741 14326 6151 
1 4 5384 14127 1201 6151 
1 7 6151 9105 9963 10646 5522 14672 14729 
1 9 14729 8389 14855 2038 4328 4059 15286 15411 10777 
1 54 3332 13187 3508 5042 3708 3764 13232 4983 13237 2002 8575 13226 9855 4755 13351 8794 4946 3563 3866 13384 13408 6747 13398 8766 2067 13382 11114 3146 13522 7663 13595 3567 13611 13629 8510 13587 13634 4171 8506 4403 5634 13577 5018 109 9166 11988 8176 5208 1638 13544 5967 6542 4795 7401 
1 14 739 12889 4207 2013 761 2664 2749 4555 7260 1832 13207 3160 11283 3563 
1 9 5378 1593 915 3164 12875 5651 7105 11588 7326 
1 5 7326 5559 1718 1907 3764 
1 11 2722 2020 2598 1698 3315 5371 6434 6575 13391 5064 9676 
1 26 14269 4115 11157 14551 6119 9305 5279 14798 14878 14921 10715 14994 15026 15054 9453 15201 15244 15385 7289 12302 12465 10448 10841 8074 5978 16305 
1 2 14336 14269 
1 12 11301 5429 4052 11537 1391 8325 14742 14731 7084 14895 537 128 
1 12 10265 1861 13750 13823 1555 13904 13989 203 10560 1548 6625 11686 
1 10 17661 778 17391 17257 1799 17052 16865 11228 16502 16245 
1 3 18198 18175 11518 
3 10 16936 12700 17207 7842 10735 17529 12624 12621 4476 18019 
3 8 9365 12013 9067 919 11874 12007 17923 17827 
2 5 18584 18459 18362 18316 12635 
2 7 16936 9120 17130 5006 17296 12236 17597 
2 9 17597 3824 7498 11307 17693 4627 17544 12649 17434 
1 6 3824 17844 18020 10791 9365 11577 
2 7 16352 8145 4304 7102 16875 16839 7619 
1 11 15506 941 15599 11262 11347 15708 7852 5273 2859 9976 8540 
1 29 1181 7135 4128 4076 2524 11926 12809 4025 1062 1111 10846 6962 8914 3442 12800 5278 493 1334 4570 4086 1471 927 3953 1666 3789 939 552 8473 1147 
1 3 12816 618 1928 
1 6 1928 11636 12831 12812 873 6292 
1 8 3549 5094 2339 1224 11715 3127 4379 551 
1 9 551 13764 9208 13893 4104 222 14125 14228 5097 
3 13 9538 7546 9830 11710 15090 11134 15351 5975 15279 15515 2929 15671 15773 
3 12 5092 11202 9014 4370 2364 14179 2429 5515 10683 1587 3295 9538 
3 11 5913 13809 13846 5491 13900 8220 145 4589 13918 1374 4370 
3 11 10226 16088 15894 5516 5954 15469 10893 5217 10277 8169 8836 
4 4 479 21277 1379 5015 
4 8 21012 3277 21058 404 7432 21229 12128 479 
2 7 19928 7018 19712 19604 4420 19312 19179 
1 11 12038 19603 1246 19460 19310 4160 10337 12171 18836 1777 18714 
1 12 20516 20471 3684 20461 20479 20405 6553 20306 1968 20206 12177 20225 
1 6 12038 7613 9474 9551 19948 9942 
1 11 12427 20685 8646 20813 20858 8324 9978 7673 2567 1939 21289 
1 10 2203 7117 21182 535 10425 20998 20951 10472 20814 11178 
1 9 2203 7117 21223 21195 21132 21085 20992 5477 10745 
1 5 2567 21181 11197 8966 21182 
1 5 4143 22188 22183 10436 359 
1 5 4143 119 1904 22137 11449 
1 7 22527 21801 5197 21777 21804 21783 9174 
1 7 9174 21822 21794 4133 5708 21848 4425 
1 8 2203 12261 21534 11482 1259 21647 2832 3848 
1 4 22123 22093 3468 8285 
1 8 6992 12593 12293 8952 21270 21228 10128 21199 
1 6 3969 1408 4064 15315 15171 15079 
1 9 15079 8788 14868 14882 14819 14758 14669 14574 14478 
1 4 4711 17855 17964 10557 
1 3 4711 17866 17739 
1 2 10577 13788 
1 6 10759 6669 4140 12540 12210 14118 
1 4 9745 9616 104 8004 
1 2 21530 21487 
1 7 2573 3580 4405 4326 5177 13709 296 
1 9 296 9922 9635 767 6847 11840 3491 13815 13774 
1 6 15531 15665 9184 15931 12400 4672 
1 5 15531 15400 7070 9481 15026 
