1 58 
1 91 
1 104 
1 128 
1 182 
1 223 
1 274 
1 296 
1 300 
1 359 
1 479 
1 480 
1 513 
1 515 
1 532 
1 551 
1 571 
1 603 
1 687 
1 739 
1 781 
1 818 
1 838 
1 846 
1 877 
1 953 
1 978 
1 990 
1 1011 
1 1042 
1 1047 
1 1085 
1 1105 
1 1181 
1 1195 
1 1219 
1 1347 
1 1416 
1 1528 
1 1532 
1 1562 
1 1608 
1 1627 
1 1651 
1 1654 
1 1671 
1 1694 
1 1754 
1 1805 
1 1847 
1 1872 
1 1928 
1 1933 
1 1977 
1 2110 
1 2111 
1 2172 
1 2203 
1 2206 
1 2228 
1 2248 
1 2301 
1 2317 
1 2326 
1 2335 
1 2351 
1 2366 
1 2488 
1 2569 
1 2573 
1 2603 
1 2613 
1 2672 
1 2711 
1 2715 
1 2722 
1 2725 
1 2913 
1 3043 
1 3133 
1 3205 
1 3207 
1 3276 
1 3332 
1 3423 
1 3444 
1 3445 
1 3452 
1 3542 
1 3549 
1 3561 
1 3603 
1 3670 
1 3676 
1 3677 
1 3697 
1 3812 
1 3813 
1 3824 
1 3848 
1 3897 
1 3900 
1 4143 
1 4161 
1 4173 
1 4179 
1 4193 
1 4247 
1 4283 
1 4307 
1 4337 
1 4404 
1 4435 
1 4605 
1 4617 
1 4672 
1 4711 
1 4733 
1 4850 
1 4875 
1 5092 
1 5097 
1 5110 
1 5151 
1 5288 
1 5317 
1 5327 
1 5378 
1 5402 
1 5483 
1 5508 
1 5536 
1 5620 
1 5625 
1 5731 
1 5758 
1 5781 
1 5794 
1 5860 
1 5878 
1 5913 
1 5986 
1 6146 
1 6151 
1 6176 
1 6245 
1 6419 
1 6442 
1 6531 
1 6550 
1 6639 
1 6757 
1 6783 
1 6814 
1 6925 
1 7051 
1 7066 
1 7074 
1 7118 
1 7125 
1 7189 
1 7216 
1 7326 
1 7364 
1 7509 
1 7543 
1 7547 
1 7656 
1 7673 
1 7835 
1 7861 
1 7979 
1 8141 
1 8211 
1 8285 
1 8333 
1 8346 
1 8351 
1 8510 
1 8672 
1 8692 
1 8733 
1 8746 
1 8749 
1 8836 
1 8845 
1 9023 
1 9027 
1 9045 
1 9155 
1 9163 
1 9174 
1 9273 
1 9348 
1 9359 
1 9414 
1 9416 
1 9538 
1 9584 
1 9639 
1 9640 
1 9676 
1 9753 
1 9770 
1 9776 
1 9797 
1 9925 
1 9937 
1 9941 
1 9979 
1 10030 
1 10063 
1 10082 
1 10091 
1 10134 
1 10265 
1 10329 
1 10394 
1 10491 
1 10550 
1 10590 
1 10679 
1 10759 
1 10777 
1 10955 
1 10958 
1 10978 
1 11014 
1 11019 
1 11030 
1 11098 
1 11163 
1 11267 
1 11297 
1 11301 
1 11331 
1 11374 
1 11408 
1 11528 
1 11541 
1 11577 
1 11592 
1 11621 
1 11694 
1 11783 
1 11841 
1 11901 
1 11904 
1 11940 
1 11960 
1 11976 
1 12033 
1 12038 
1 12094 
1 12170 
1 12278 
1 12307 
1 12339 
1 12427 
1 12479 
1 12572 
1 12601 
1 12606 
1 12612 
1 12629 
1 12689 
1 12748 
1 12903 
1 12905 
1 12930 
1 13065 
1 13067 
1 13286 
1 13355 
1 13398 
1 13399 
1 13551 
1 13580 
1 13627 
1 13644 
1 13712 
1 13774 
1 13788 
1 13849 
1 13852 
1 13861 
1 14028 
1 14031 
1 14066 
1 14090 
1 14110 
1 14191 
1 14336 
1 14396 
1 14421 
1 14527 
1 14729 
1 14858 
1 14895 
1 14965 
1 14981 
1 15076 
1 15079 
1 15173 
1 15240 
1 15458 
1 15474 
1 15531 
1 15725 
1 15773 
1 15788 
1 15986 
1 15993 
1 16073 
1 16077 
1 16173 
1 16216 
1 16221 
1 16340 
1 16352 
1 16368 
1 16385 
1 16396 
1 16671 
1 16717 
1 16789 
1 16810 
1 16936 
1 16992 
1 17041 
1 17113 
1 17229 
1 17236 
1 17308 
1 17382 
1 17739 
1 17789 
1 17851 
1 17925 
1 17958 
1 17995 
1 18019 
1 18082 
1 18103 
1 18116 
1 18360 
1 18368 
1 18395 
1 18512 
1 18563 
1 18570 
1 18578 
1 18592 
1 18714 
1 18802 
1 18833 
1 18856 
1 18884 
1 18903 
1 18960 
1 19037 
1 19060 
1 19144 
1 19147 
1 19163 
1 19231 
1 19280 
1 19419 
1 19459 
1 19535 
1 19560 
1 19625 
1 19679 
1 19697 
1 19716 
1 19854 
1 19923 
1 19928 
1 20004 
1 20085 
1 20086 
1 20144 
1 20200 
1 20356 
1 20379 
1 20442 
1 20469 
1 20538 
1 20625 
1 20718 
1 20817 
1 20867 
1 20999 
1 21038 
1 21042 
1 21199 
1 21219 
1 21229 
1 21286 
1 21308 
1 21309 
1 21357 
1 21363 
1 21586 
1 21619 
1 21753 
1 21994 
1 22110 
1 22123 
1 22181 
1 22189 
1 22224 
1 22225 
1 22249 
1 22365 
1 22379 
1 22380 
1 22395 
1 22413 
1 22426 
