
state={
	id=1
	name="STATE_1"
	resources={
		aluminium=0.000
		chromium=0.000
		oil=0.000
		rubber=0.000
		steel=0.000
		tungsten=0.000
	}

	history={
		buildings = {
			infrastructure = 1
			air_base = 0
			arms_factory = 1
			industrial_complex = 0

		}

	}

	provinces={
		206 408 725 759 806 830 872 874 883 894 941 1011 1072 1113 1134 1163 1193 1221 1256 1296 1380 1386 1408 1414 1472 1669 1856 1871 2005 2031 2047 2122 2170 2398 2417 2531 2552 2614 2629 2662 2677 2696 2744 2746 2777 2791 2827 2861 2901 2921 3102 3184 3190 3194 3198 3217 3238 3249 3252 3301 3313 3386 3388 3405 3433 3446 3463 3469 3646 3683 3750 3757 3840 3866 4042 4043 4096 4120 4131 4168 4172 4363 4379 4404 4426 4440 4481 4484 4496 4497 4503 4536 4544 4569 4685 4700 4736 4855 4932 4943 4995 5013 5080 5116 5156 5187 5204 5224 5227 5331 5503 5633 5731 5837 5867 5889 5964 6001 6086 6128 6204 6217 6289 6293 6337 6374 6394 6412 6452 6470 6511 6553 6623 6630 6649 6682 6690 6698 6715 6791 6845 6849 6865 6873 6914 6952 6975 7062 7109 7193 7202 7304 7310 7320 7363 7445 7460 7538 7591 7615 7635 7658 7725 7731 7832 7837 7848 7864 7918 7928 8076 8232 8289 8355 8478 8636 8721 8766 8875 8876 8883 8924 8968 8977 9046 9065 9067 9085 9118 9147 9227 9255 9258 9259 9969 9996 10026 10037 10063 10079 10095 10114 10129 10138 10139 10160 10195 10203 10204 10212 10213 10229 10230 10237 10244 10249 10258 10284 10289 10296 10297 10305 10320 10332 10338 10345 10351 10376 10377 10383 10405 10406 10412 10423 10430 10444 10463 10477 10481 10502 10508 10514 10531 10532 10557 10562 10570 10576 10607 10647 10651 10652 10662 10695 10714 10717 10727 10752 10753 10758 10774 10784 10785 10786 10787 10797 10805 10827 10836 10847 10848 10856 10857 10864 10865 10880 10897 10898 10899 10918 10919 10927 10932 10933 10934 10935 10954 10955 10956 10973 10974 10975 10979 10980 10981 10992 11000 11006 11007 11029 11034 11040 11041 11058 11059 11065 11066 11081 11082 11095 11096 11097 11098 11105 11128 11139 11146 11147 11154 11155 11159 11174 11175 11184 11185 11207 11217 11218 11238 11239 11240 11246 11255 11260 11261 11262 11277 11278 11295 11296 11301 11309 11319 11320 11332 11337 11338 11339 11348 11354 11369 11380 11381 11389 11399 11416 11417 11427 11428 11429 11437 11445 11453 11462 11463 11464 11471 11490 11504 11510 11532 11544 11545 11546 11554 11590 11613 11624 11625 11626 11639 11648 11664 11673 11698 11713 11729 11749 11763 11790 11816 11856 11879 11897 11907 11962 17320 19671 19677 19683 19684 
	}
	manpower=0
	buildings_max_level_factor=1.000
	state_category=city
	local_supplies=0.000
}
