
state={
	id=102
	name="STATE_102"
	manpower=22000000
	state_category=city

	history={
		owner = RUM
		add_core_of = RUM

		victory_points = {
			15725 20 
		}

		buildings = {
			infrastructure = 3
			industrial_complex = 3
			arms_factory = 2
			air_base = 7

		}

	}

	provinces={
		470 478 1213 1898 2030 3346 4028 4094 4506 4832 5985 6161 6423 6921 7040 7531 7682 7750 7861 8329 8436 8558 8619 8865 8888 8890 9364 9496 9661 11110 11339 11616 11855 12209 12249 12549 12568 12632 12691 15132 15143 15144 15211 15280 15381 15406 15422 15455 15505 15558 15559 15560 15657 15658 15673 15674 15686 15725 15753 15774 15809 15810 15811 15825 15826 15895 15943 15962 16015 16089 16100 16129 16167 16222 16303 16351 30182 30183 
	}

	buildings_max_level_factor=1.000
	local_supplies=0.000
}
