
state={
	id=107
	name="STATE_107"
	manpower=22000000
	state_category=city

	history={
		owner = RUM
		add_core_of = RUM

		victory_points = {
			10082 20 
		}

		buildings = {
			infrastructure = 3
			industrial_complex = 2
			arms_factory = 1
			air_base = 3

		}

	}


	provinces={
		239 594 764 1606 1700 1772 1783 1800 2121 2135 2364 2608 2618 3062 3639 3763 3822 4255 4370 4400 4478 4917 4962 5200 5553 5924 6345 6387 6391 6436 6883 7086 7262 7307 7907 8206 8237 8411 8413 8569 8610 8908 9217 9417 9564 9786 9939 9999 10082 10519 10607 10706 10858 11000 11185 11202 11848 11951 12037 12043 12145 13799 13801 13850 13910 13919 13952 13982 13990 13991 14001 14032 14033 14079 14087 14088 14098 14117 14198 14209 14251 14258 14259 14279 14373 14395 14418 14427 14621 14732 
	}

	buildings_max_level_factor=1.000
	local_supplies=0.000
}
