
state={
	id=114
	name="STATE_114"
	manpower=2000000
	state_category=rural

	history={
		owner = RUM
		add_core_of = RUM

		buildings = {
			infrastructure = 1
			industrial_complex = 1

		}

	}

	provinces={
		697 1417 2462 2496 2812 3393 3501 4048 4310 4621 4694 5172 5784 6461 6490 6559 6692 6723 7168 7398 7603 7965 8023 8295 8563 9413 9803 9892 10259 10407 11030 11242 11877 12063 12229 14951 15320 15570 15598 15646 15685 15707 15780 15835 15902 15975 16039 16052 16176 16288 16342 16388 16409 16456 16528 16587 16728 16788 16796 16872 
	}

	buildings_max_level_factor=1.000
	local_supplies=0.000
}
