
state={
	id=142
	name="STATE_142"
	manpower=25000000
	state_category=city

	history={
		owner = ARC
		add_core_of = ARC


		buildings = {
			infrastructure = 3
			industrial_complex = 1

		}

	}

	provinces={
		549 1082 1828 1880 2049 2056 2180 2851 2937 2957 3056 3819 3891 3954 4201 4462 4820 5572 6799 7126 7148 7352 7606 7969 7975 8188 8242 8498 8641 8776 9275 9487 10239 10961 10985 11230 11235 11474 12157 17442 17467 17553 17640 17664 17710 17746 17747 17812 17841 17854 17864 17865 17891 17928 17936 17963 17982 17996 18059 18076 18089 18111 18112 18136 18178 18190 18203 18243 18281 18299 18311 18323 18378 18398 18399 18608 18685 18733 18734 18786 18845 30198 
	}

	buildings_max_level_factor=1.000
	local_supplies=0.000
}
