
state={
	id=154
	name="STATE_154"
	manpower=30000000
	state_category=metropolis

	resources={
		oil = 60
		aluminium = 30
		rubber = 10
		tungsten = 10
		steel = 10
		chromium = 20
	}

	history={
		owner = NRO
		add_core_of = NRO

		victory_points = {
			6814 30 
		}

		buildings = {
			infrastructure = 1
			arms_factory = 1
			industrial_complex = 5
			air_base = 2

		}

	}

	provinces={
		93 449 738 855 867 981 982 1022 1268 1371 1382 1444 1493 1500 1559 1614 1639 1814 2238 2255 2329 2538 2766 2811 2906 3110 3336 3644 3727 3839 4096 4612 4673 4701 4730 5091 5233 5304 5337 5348 5427 5445 5465 5674 5739 5933 6074 6141 6254 6256 6471 6482 6610 6814 6900 7020 7057 7172 7190 7232 7392 7699 7746 7871 8016 8259 8334 8570 9020 9264 9463 9522 9809 9877 9910 9949 10100 10229 10296 10299 10313 10399 10479 10506 10511 10738 10848 10869 11018 11137 11254 11491 11707 11893 11975 12239 21304 21340 21356 21394 21412 21471 21491 21499 21543 21556 21576 21582 21583 21598 21620 21622 21645 21652 21682 21688 21705 21718 21721 21726 21727 21743 21747 21751 21763 21766 21771 21785 21813 21828 21829 21838 21850 21864 21877 21887 21890 21891 21895 21939 21940 21952 
	}

	buildings_max_level_factor=1.000
	local_supplies=0.000

}
