
state={
	id=163
	name="STATE_163"
	manpower=23000000
	state_category=city

	history={
		owner = ARC
		add_core_of = ARC

		victory_points = {
			10978 20 
		}
		victory_points = {
			7074 20 
		}
		victory_points = {
			12689 20 
		}
		victory_points = {
			9023 20 
		}

		buildings = {
			infrastructure = 3
			industrial_complex = 2
			arms_factory = 1
			air_base = 5

		}

	}

	provinces={
		19 1004 1096 1322 1465 2106 2502 2517 2534 2732 3026 3051 3185 3292 3314 3636 3858 4186 4260 4502 4608 4729 4882 4909 4959 5185 5224 5354 5701 5721 5744 5847 5944 6085 6499 6566 6609 6995 7074 7415 7441 7463 7683 7847 8313 8529 9023 9057 9078 9289 9625 9643 9715 10671 10828 10978 11241 11335 11857 12689 14083 14235 14255 14256 14264 14342 14355 14413 14437 14446 14497 14510 14525 14547 14631 14677 14721 14744 14759 14781 14808 14820 14821 14832 14883 14897 14911 14932 14956 14984 15005 15012 15113 15122 15127 15194 15205 15293 15327 15339 15361 15433 15510 15557 15607 30181 
	}

	buildings_max_level_factor=1.000
	local_supplies=0.000
}
