
state={
	id=172
	name="STATE_172"
	manpower=30000000
	state_category=metropolis

	resources={
		oil = 70
		aluminium = 10
		rubber = 10
		tungsten = 10
		steel = 10
		chromium = 10
	}

	history={
		owner = KGE
		add_core_of = KGE

		victory_points = {
			4179 30 
		}
		victory_points = {
			1694 20 
		}
		victory_points = {
			58 20 
		}

		buildings = {
			infrastructure = 2
			arms_factory = 3
			industrial_complex = 5

		}

	}

	provinces={
		47 58 146 263 271 313 368 422 671 760 843 905 949 1019 1023 1142 1162 1262 1434 1449 1694 1881 2134 2306 2413 2480 2515 2543 2552 2575 2616 2706 2866 2994 3001 3010 3082 3121 3218 3223 3244 3247 3622 3947 3949 4008 4077 4082 4179 4387 4415 4416 4692 4923 4928 4991 5010 5048 5144 5155 5231 5657 5806 6000 6048 6285 6330 6427 6533 6544 6577 6777 6908 7106 7456 7635 7662 7688 7778 8001 8047 8195 8230 8456 8828 8832 9062 9126 9327 9760 9928 10035 10045 10386 10474 10523 10594 10845 10970 11025 11062 11487 11737 11829 12065 12095 12102 12410 12440 21677 21698 21715 21728 21736 21744 21750 21772 21786 21792 21814 21815 21841 21843 21882 21896 21912 21913 21915 21927 21953 21958 21970 21971 21974 21977 21985 21991 22003 22007 22010 22019 22031 22032 22033 22035 22044 22056 22058 22064 22067 22069 22076 22080 22099 22106 22112 22124 22127 22158 22168 22178 22180 22192 22197 22215 22216 22229 22231 22265 
	}

	buildings_max_level_factor=1.000
	local_supplies=0.000
}
