
state={
	id=178
	name="STATE_178"
	manpower=3000000
	state_category=town

	resources={
		oil = 20
	}

	history={
		owner = ARC
		add_core_of = ARC

		buildings = {
			infrastructure = 1

		}

	}

	provinces={
		420 510 579 651 674 1044 1342 1597 1791 1850 2162 2221 2375 2449 2542 2637 2684 3189 3215 3415 3649 3659 3696 3904 3909 4445 4451 4461 4856 4916 5021 5078 5395 5486 5624 5700 6089 6118 6182 6273 6296 6368 6395 6422 6497 6906 6979 7077 7310 7380 7567 7625 7651 7697 7739 7926 8118 8306 8355 8415 8421 8548 8809 8978 9049 9309 9798 10147 10215 10253 10346 10648 10874 10907 11028 11147 11631 11660 11832 12055 12623 13491 13533 13552 13556 13559 13573 13598 13614 13622 13626 13649 13666 13688 13703 13730 13754 13787 13840 13892 13922 13927 13941 13969 13973 13997 14004 14013 14020 14037 14040 14053 14107 14115 14138 14146 14171 14236 14240 14247 14265 14282 14283 14300 14301 14320 14331 14408 14425 14438 14511 14593 
	}

	buildings_max_level_factor=1.000
	local_supplies=0.000
}
