
state={
	id=186
	name="STATE_186"
	manpower=3000000
	state_category=town

	resources={
		oil = 20
	}

	history={
		owner = ARC
		add_core_of = ARC

		buildings = {
			infrastructure = 1

		}

	}

	provinces={
		56 66 101 191 236 270 311 803 835 1037 1166 1247 1451 1583 1603 1708 1756 1775 1990 2008 2012 2116 2186 2233 2246 2270 2273 2280 2288 2303 2674 2686 2874 2892 2984 3022 3264 3397 3470 3490 3497 3503 3554 3912 4156 4194 4221 4392 4433 4452 4492 4511 4519 4548 4696 4756 4768 4924 4932 4934 4988 5012 5312 5343 5504 5587 5644 5853 5886 5958 5965 6103 6130 6135 6204 6376 6381 6404 6424 6464 6519 6592 6624 6637 6659 6830 6897 6911 7019 7143 7191 7233 7242 7299 7328 7329 7338 7360 7407 7426 7436 7515 7548 7572 7714 7941 7967 7977 8084 8102 8338 8347 8412 8443 8474 8475 8504 8564 8565 8713 8715 8732 8737 8821 9017 9040 9076 9079 9082 9095 9127 9142 9159 9220 9267 9344 9357 9473 9620 9651 9666 9685 9758 9768 9836 9903 9929 10083 10106 10129 10207 10221 10481 10514 10552 10562 10627 10659 10702 10888 10943 11036 11104 11155 11173 11225 11259 11390 11402 11405 11428 11432 11546 11597 11638 11720 11794 11834 11842 11852 11933 12044 12084 12141 12163 12204 12267 12292 12326 12506 12677 14870 14963 14974 15081 15114 15141 15165 15262 15263 15295 15378 15391 15392 15403 15465 15501 15521 15522 15533 15534 15535 15579 15637 15643 15644 15656 15679 15718 15736 15789 15790 15791 15821 15859 15901 15904 15905 15915 15916 15955 15956 15991 16012 16026 16027 16034 16035 16047 16061 16062 16085 16107 16108 16109 16146 16147 16163 16164 16171 16183 16193 16194 16202 16235 16250 16278 16279 16298 16325 16326 16349 16365 16380 16381 16404 16405 16406 16421 16422 16441 16442 16452 16453 16466 16483 16496 16506 16507 16537 16538 16551 16552 16565 16566 16567 16568 16582 16583 16595 16596 16622 16623 16648 16659 16660 16676 16691 16692 16693 16708 16709 16738 16739 16740 16750 16764 16780 16792 16805 16806 16816 16817 16831 16832 16851 16852 16867 16880 16898 16929 16930 16931 16932 16950 16961 16976 16977 17011 17023 17024 17038 17068 17081 17082 17104 17105 17137 17138 17154 17155 17198 17212 17230 17231 17245 17260 17261 17262 17263 17303 17332 17333 17350 17351 17364 17371 17381 17405 17406 17424 17458 17490 17572 17591 17592 17607 
	}

	buildings_max_level_factor=1.000
	local_supplies=0.000
}
