
state={
	id=192
	name="STATE_192"
	manpower=30000000
	state_category=metropolis

	resources={
		oil = 70
		aluminium = 10
		rubber = 10
		tungsten = 10
		steel = 10
		chromium = 10
	}

	history={
		owner = ALR
		add_core_of = ALR

		victory_points = {
			22365 20 
		}
		victory_points = {
			22379 30 
		}
		victory_points = {
			2603 20 
		}
		victory_points = {
			22110 20 
		}

		buildings = {
			infrastructure = 2
			arms_factory = 3
			industrial_complex = 5
			air_base = 7

		}

	}

	provinces={
		241 245 301 337 355 429 436 636 718 752 790 902 966 1034 1130 1317 1394 1576 1600 1697 1785 1844 1952 2102 2112 2261 2362 2409 2461 2509 2564 2603 2700 2723 2880 2988 3060 3085 3086 3156 3157 3219 3571 3626 3700 4006 4045 4055 4058 4157 4197 4309 4332 4365 4607 4741 4763 5030 5087 5101 5245 5527 5678 5842 5898 6328 6408 6429 6506 6691 6722 6895 7091 7481 7593 7722 8109 8131 8189 8229 8356 8383 8387 8500 8838 9670 9717 9756 9934 10064 10097 10258 10724 10780 10864 10873 11646 12121 12148 12187 12228 12277 22047 22063 22073 22085 22086 22094 22108 22110 22111 22118 22119 22121 22135 22157 22159 22160 22194 22199 22203 22225 22227 22228 22238 22239 22247 22262 22263 22264 22276 22285 22296 22303 22307 22311 22316 22321 22341 22342 22346 22347 22365 22379 22390 22394 
	}

	buildings_max_level_factor=1.000
	local_supplies=0.000
}
