
state={
	id=199
	name="STATE_199"
	manpower=2000000
	state_category=rural

	history={
		owner = RUM
		add_core_of = RUM

		buildings = {
			infrastructure = 1
			industrial_complex = 1

		}

	}

	provinces={
		341 523 720 728 734 927 939 1109 1111 1471 1531 1662 1666 1696 1860 2088 2503 2617 2854 2870 2968 3058 3153 3319 3476 3520 3558 3657 3755 3789 3797 3827 3953 4025 4086 4262 4570 4964 5173 5330 5414 5479 5594 5932 6235 8691 8725 9908 10620 10651 10661 10846 11571 11714 12303 12429 12711 12712 12713 12714 12730 12737 12744 12746 12749 12754 12757 12761 12762 12775 12779 12782 12799 12809 29920 29926 29927 29936 
	}

	buildings_max_level_factor=1.000
	local_supplies=0.000
}
