
state={
	id=2
	name="STATE_2"

	history={
		owner = FSR
		add_core_of = FSR

	}

	provinces={
		61 85 229 261 308 391 408 484 508 825 826 906 1038 1140 1306 1679 1738 1755 1803 1932 2043 2213 2226 2410 2528 2604 2768 2861 2926 2945 3283 3300 3661 3690 3699 3704 3869 3950 3980 4011 4026 4393 4581 4666 4783 4798 5033 5184 5411 5866 5926 5994 6289 6322 6475 6476 7022 8407 8522 8560 8765 8795 9144 9321 9713 9746 9764 10162 10290 10509 10766 10855 11179 11414 11651 11814 11906 12508 12722 12727 12735 12740 12742 12763 12767 12788 12793 12797 12810 12811 12832 12833 12834 12851 12857 12866 12879 22464 22466 29793 29794 29796 29798 29800 29810 29884 29910 29934 29980 29981 29991 30002 30008 30009 30019 30030 
	}
	manpower=400000
	state_category=town
	buildings_max_level_factor=1.000
	local_supplies=0.000
}
