
state={
	id=200
	name="STATE_200"

	history={
		owner = FSR
		add_core_of = FSR

	}

	provinces={
		24 353 366 519 555 562 865 920 925 943 1343 1574 1832 1857 1887 2025 2128 2160 2236 2291 2315 2518 2580 2583 2652 3147 3160 3260 3294 3563 3866 3867 4275 4352 4456 4574 4755 4805 4946 4995 5056 5085 5107 5622 5883 5907 6248 6651 6747 7096 7263 7509 7517 7779 7850 7998 8078 8637 8677 8794 9004 9065 9533 9647 9669 9748 9855 9982 10019 10072 10146 10170 10592 10868 11283 11792 11798 12122 12467 12887 12929 12970 12988 13006 13016 13021 13073 13099 13112 13115 13136 13150 13158 13192 13207 13221 13226 13291 13328 13331 13351 13384 13385 13408 13423 13439 13445 13470 13471 13494 13503 13504 13538 13564 13581 13584 
	}
	manpower=2400000
	state_category=town
	buildings_max_level_factor=1.000
	local_supplies=0.000
}
