
state={
	id=202
	name="STATE_202"
	manpower=30000000
	state_category=metropolis

	resources={
		oil = 10
		aluminium = 10
		rubber = 10
		tungsten = 10
		steel = 10
		chromium = 10
	}

	history={
		owner = NHK
		add_core_of = NHK

		victory_points = {
			13399 20 
		}
		victory_points = {
			13137 30 
		}
		victory_points = {
			799 20 
		}
		victory_points = {
			551 20 
		}

		buildings = {
			infrastructure = 3
			arms_factory = 3
			industrial_complex = 5
			air_base = 7
			dockyard = 2
			12773 = {
				naval_base = 6

			}

		}

	}

	provinces={
		50 60 95 118 202 342 369 387 410 427 471 475 551 646 799 830 858 861 945 961 1007 1010 1015 1030 1136 1224 1238 1270 1278 1291 1390 1406 1452 1484 1577 1585 1704 1735 1744 1851 1884 1894 1996 2074 2084 2087 2097 2098 2163 2173 2234 2252 2281 2313 2332 2339 2343 2347 2370 2372 2388 2436 2437 2489 2494 2495 2702 2730 2738 2763 2815 2816 2821 2823 2835 2855 2860 2910 2935 2989 2996 3031 3035 3036 3054 3068 3075 3076 3107 3127 3161 3190 3198 3235 3237 3239 3321 3335 3376 3391 3526 3549 3618 3768 3778 3811 3815 3826 3889 3911 3922 3991 4022 4027 4078 4113 4188 4308 4354 4379 4578 4626 4638 4678 4684 4702 4721 4745 4838 4893 4966 4969 5094 5250 5430 5444 5476 5601 5607 5764 5792 5828 5871 5875 6032 6046 6064 6068 6108 6116 6154 6219 6327 6357 6571 6578 6661 6690 6805 6840 6851 6927 6993 7193 7319 7433 7471 7574 7586 7611 7705 7781 7803 7841 8005 8148 8239 8377 8453 8460 8519 8538 8585 8620 8654 8721 8726 8769 8885 8959 9177 9193 9208 9376 9414 9428 9527 9541 9607 9946 9975 10048 10114 10127 10297 10349 10551 10570 10650 10694 10788 10918 11029 11311 11397 11430 11554 11564 11715 11724 11941 12017 12077 12134 12272 12387 12522 12590 12773 12776 12777 12803 12805 12819 12839 12869 12870 12881 12883 12890 12903 12920 12936 12956 12982 12984 12986 12995 13003 13008 13009 13035 13038 13042 13052 13053 13076 13083 13092 13101 13104 13118 13127 13137 13161 13163 13168 13169 13176 13180 13202 13210 13212 13228 13235 13247 13248 13252 13261 13298 13299 13312 13327 13333 13337 13361 13367 13368 13370 13379 13388 13394 13395 13399 13400 13401 13409 13410 13427 13428 13440 13447 13457 13458 13465 13497 13498 13502 13510 13519 13527 13535 13561 13578 13585 13599 13602 13635 13643 13659 13692 13717 13751 13756 13764 13893 29928 29930 29932 29935 29938 29942 29945 29954 29955 29956 29957 29959 29962 29963 29965 29967 29971 29972 29973 29975 29976 29977 29982 29987 29988 29989 29994 29998 30004 30010 30012 30013 30014 30015 30017 30026 30033 30035 30042 30047 30048 30062 30063 30069 
	}

	buildings_max_level_factor=1.000
	local_supplies=0.000
}
