
state={
	id=203
	name="STATE_203"

	history={
		owner = FSR
		add_core_of = FSR

	}

	provinces={
		100 595 795 1108 1201 1266 1267 1415 1455 2487 2667 2905 3861 3946 3996 4348 4510 4557 5191 5208 5218 5374 5384 5989 6311 6333 6343 6550 6981 7014 7187 7559 7804 8017 8024 8176 8348 9176 9180 9199 9811 9893 10132 10268 10581 10741 10995 11094 11521 11988 13571 13681 13694 13737 13753 13784 13816 13855 13864 13902 13932 13943 13962 13963 14011 14017 14030 14059 14120 14127 14132 14231 14254 14318 14367 
	}
	manpower=2900000
	state_category=city
	buildings_max_level_factor=1.000
	local_supplies=0.000
}
