
state={
	id=206
	name="STATE_206"
	manpower=30000000
	state_category=metropolis

	resources={
		oil = 10
		aluminium = 10
		rubber = 10
		tungsten = 10
		steel = 10
		chromium = 10
	}

	history={
		owner = NHK
		add_core_of = NHK

		victory_points = {
			13065 20 
		}
		victory_points = {
			13355 30 
		}
		victory_points = {
			11694 20 
		}

		buildings = {
			infrastructure = 3
			arms_factory = 3
			industrial_complex = 5
			air_base = 7
			dockyard = 2
			13153 = {
				naval_base = 6

			}
			12581 = {
				naval_base = 6

			}

		}

	}

	provinces={
		3 35 209 220 242 246 273 421 613 652 675 683 686 810 851 946 1009 1281 1294 1296 1340 1348 1422 1433 1486 1762 1868 1956 2029 2302 2419 2549 2558 2590 2594 2673 2710 2781 2844 3008 3027 3041 3071 3101 3206 3217 3220 3233 3349 3352 3453 3462 3484 3489 3574 3575 3645 3655 3662 4074 4155 4184 4302 4339 4439 4503 4535 4547 4558 4575 4757 4804 4848 5086 5196 5215 5361 5379 5394 5490 5548 5563 5613 5617 5618 5698 6007 6165 6177 6349 6433 6492 6598 6620 6667 6688 6940 7247 7508 7588 7916 8273 8402 8439 8562 8603 8982 9021 9165 9306 9404 9499 9596 9680 9692 9820 10325 10564 10597 11065 11140 11287 11334 11382 11572 11658 11694 11807 11824 11945 11963 12194 12438 12501 12581 12707 12760 12768 12781 12786 12789 12795 12801 12802 12829 12835 12841 12846 12874 12891 12896 12898 12902 12924 12927 12953 12959 12979 12994 13000 13001 13005 13011 13022 13029 13041 13051 13057 13065 13082 13086 13095 13100 13110 13111 13117 13129 13153 13159 13160 13175 13198 13211 13215 13259 13264 13321 13355 13425 13450 22471 22472 29807 29979 29985 29992 29999 30000 30007 30011 30018 30021 30024 30025 30027 30032 30037 30038 30039 30040 30043 30044 30045 30046 30049 30051 30052 30054 30055 30056 30057 30058 30059 30060 30061 30067 30068 30072 30073 30075 30084 30087 30089 30090 30092 30093 30094 30096 30097 30100 30101 30102 30104 30107 30111 30112 30115 30116 30117 
	}

	buildings_max_level_factor=1.000
	local_supplies=0.000
}
