
state={
	id=207
	name="STATE_207"
	manpower=100000000
	state_category=metropolis

	resources={
		oil = 10
		aluminium = 10
		rubber = 10
		tungsten = 10
		steel = 10
		chromium = 10
	}

	history={
		owner = ERD
		add_core_of = ERD

		victory_points = {
			5913 30 
		}


		buildings = {
			infrastructure = 3
			arms_factory = 3
			industrial_complex = 5
			air_base = 7

		}

	}

	provinces={
		17 145 178 266 287 378 418 443 673 1320 1326 1374 1570 1854 2207 2266 2309 2429 2481 2653 2804 3169 3377 3482 3505 3573 3588 3634 3878 3965 4044 4234 4539 4583 4588 4589 5260 5491 5515 5526 5770 5913 6270 6457 6489 6545 6815 6862 6868 6943 6977 7071 7217 7278 7376 7566 7695 7826 7920 8053 8220 8395 8489 8502 8814 8876 9213 9391 9532 9712 9765 9884 9969 10054 10059 10185 10261 10464 10571 10912 10964 11045 11182 11272 11310 11475 11601 11780 11791 11873 11886 11922 12179 12374 12402 12456 12655 13499 13541 13547 13560 13636 13650 13673 13674 13718 13721 13766 13772 13792 13798 13809 13836 13845 13846 13860 13876 13894 13899 13900 13918 13928 13929 13975 13976 13977 13995 14010 14014 14015 14041 14046 14078 14085 14086 14147 14154 14164 14178 14179 14197 14208 14215 14241 14249 14250 14285 14293 14302 14322 14332 14348 14364 14372 14401 14415 14560 14636 14680 
	}

	buildings_max_level_factor=1.000
	local_supplies=0.000
}
