
state={
	id=209
	name="STATE_209"

	history={
		owner = FSR
		add_core_of = FSR

	}

	provinces={
		90 127 406 500 541 586 727 815 822 840 1008 1027 1080 1199 1314 1736 1981 2066 2067 2069 2299 2312 2589 2703 2727 2801 2891 2899 2981 3146 3179 3500 3567 3678 3890 4071 4139 4211 4668 4693 4799 4944 5067 5188 5239 5249 5413 5876 5909 5960 5986 6040 6045 6215 6239 6443 6647 7122 7304 7337 7408 7663 7820 7919 8170 8296 8305 8487 8536 8584 8679 8736 8766 9286 9614 9642 9676 9744 9852 10002 10159 10224 10285 10357 10485 10825 10934 11114 11206 11232 11253 11256 11269 11426 11600 11943 11989 12001 12087 12123 12260 12331 12349 12412 12627 12654 13350 13373 13382 13392 13398 13454 13461 13489 13521 13522 13555 13563 13588 13595 13617 13621 13653 13665 13690 13695 13726 13734 13747 13760 13770 13789 13800 13804 13843 13877 13878 13889 13980 14031 14042 14068 14124 14133 14143 14182 14305 14388 14431 14444 14445 14550 14577 14617 14641 14657 14673 14674 14741 14829 14888 
	}
	manpower=4100000
	state_category=city
	buildings_max_level_factor=1.000
	local_supplies=0.000
}
