
state={
	id=210
	name="STATE_210"
	manpower=30000000
	state_category=metropolis

	resources={
		oil = 10
		aluminium = 10
		rubber = 10
		tungsten = 10
		steel = 10
		chromium = 10
	}

	history={
		owner = ADA
		add_core_of = ADA

		victory_points = {
			15474 30 
		}
		victory_points = {
			16173 20 
		}
		victory_points = {
			11019 20 
		}
		victory_points = {
			15173 20 
		}


		buildings = {
			infrastructure = 3
			arms_factory = 3
			industrial_complex = 5
			air_base = 7

		}

	}

	provinces={
		144 206 330 397 455 602 657 682 951 1017 1074 1338 1388 1618 2005 2023 2048 2136 2500 2595 2636 2650 3388 3493 3517 3565 3597 3757 3820 3901 4587 4846 4850 5124 5141 5182 5192 5316 5432 5530 5574 5697 5728 5771 5841 5846 5945 6049 6143 6168 6325 6411 6432 6572 6719 6745 6767 6971 7000 7161 7347 7354 7472 7480 7524 7608 7616 7747 7801 7865 7964 8002 8198 8410 8461 8666 8693 8800 8805 8942 8967 9117 9135 9228 9235 9271 9403 9407 9445 9461 9514 9556 9590 9716 9726 9837 9864 9932 9936 9956 10005 10006 10231 10415 10591 10603 10678 10681 10701 10976 10990 11019 11083 11336 11366 11398 11434 11444 11497 11542 11574 11729 11862 11935 11985 12242 12255 12264 12365 12372 12378 12391 12396 12525 12617 12630 13869 13906 13936 14069 14187 14194 14207 14226 14308 14309 14344 14345 14393 14409 14500 14556 14557 14650 14651 14661 14662 14670 14689 14701 14737 14738 14771 14801 14810 14833 14885 14901 14912 14933 14940 14999 15014 15015 15046 15129 15142 15173 15180 15207 15234 15235 15264 15265 15266 15277 15317 15328 15349 15362 15363 15379 15380 15393 15451 15466 15474 15488 15511 15536 15580 15594 15623 15624 15638 15680 15681 15682 15704 15719 15720 15749 15765 15766 15822 15860 15876 15936 15937 15938 15957 15958 16013 16036 16063 16098 16099 16148 16149 16172 16173 16203 16236 16251 16259 16299 16300 16382 16383 16423 16443 16467 16468 16521 16539 16597 16609 16636 16661 16662 16663 16741 16751 16781 16853 16912 16933 16978 17013 
	}

	buildings_max_level_factor=1.000
	local_supplies=0.000
}
