
state={
	id=211
	name="STATE_211"

	history={
		owner = FSR
		add_core_of = FSR

	}

	provinces={
		152 193 258 704 1425 1541 2174 2452 2659 2846 3015 3103 3429 3507 3624 3743 3908 4240 4257 4469 4649 4835 4942 4950 5140 5300 5447 5588 5793 5852 5884 5973 5981 6595 6718 6876 7320 7466 7553 7600 8006 8217 8303 8389 8405 8484 8518 8554 8716 8931 9031 9043 9102 9111 9136 9285 9356 9399 9569 9679 9854 9896 9925 10087 10518 10773 10905 11046 11313 11338 11726 11748 12494 12496 14113 14203 14267 14268 14288 14316 14325 14357 14358 14377 14385 14386 14450 14460 14485 14505 14531 14581 14604 14605 14640 14655 14684 14727 14728 14729 14753 14854 14855 14862 14893 14894 14918 14928 14959 15008 15151 15159 15168 15177 15226 15302 15303 15312 15334 15383 15384 15398 15427 15507 15628 15728 
	}
	manpower=4800000
	buildings_max_level_factor=1.000
	local_supplies=0.000
	state_category=town
}
