
state={
	id=213
	name="STATE_213"

	history={
		owner = FSR
		add_core_of = FSR

	}

	provinces={
		407 534 621 986 2557 2643 3042 3162 3222 3301 3615 4038 4536 4542 5220 5323 5331 5743 5809 6415 7962 8101 8160 8626 9068 10070 10358 10463 11228 11789 12023 12107 12224 12289 12416 12520 15563 15602 15713 15813 15843 15856 15869 15932 15950 15984 15985 16043 16044 16058 16068 16105 16132 16133 16143 16161 16216 16230 16231 16245 16271 16272 16285 16319 16320 16338 16415 16416 16461 16462 16492 16502 16545 16546 16562 16580 16581 16619 16705 16706 16812 16826 16827 16865 16944 16958 
	}
	manpower=6900000
	state_category=metropolis
	buildings_max_level_factor=1.000
	local_supplies=0.000
}
