
state={
	id=214
	name="STATE_214"
	manpower=100000000
	state_category=metropolis

	resources={
		oil = 10
		aluminium = 10
		rubber = 10
		tungsten = 10
		steel = 10
		chromium = 10
	}

	history={
		owner = ERD
		add_core_of = ERD

		victory_points = {
			9538 20 
		}
		victory_points = {
			3603 20 
		}


		buildings = {
			infrastructure = 3
			arms_factory = 3
			industrial_complex = 5
			air_base = 7

		}

	}

	provinces={
		81 89 142 189 334 351 365 442 599 611 787 797 976 1039 1161 1311 1401 1458 1460 1474 1558 1587 1701 1876 1897 1915 1959 2045 2047 2132 2426 2432 2493 2507 2572 2716 2864 3006 3037 3092 3096 3159 3236 3261 3279 3295 3344 3498 3586 3603 4191 4321 4329 4377 4454 4458 4855 5025 5076 5217 5238 5265 5269 5362 5365 5397 5506 5516 5580 5626 5685 5712 5783 5830 5869 5879 5954 5975 6009 6075 6113 6128 6258 6337 6426 6546 6664 6780 6913 7206 7357 7367 7537 7546 7592 7687 7707 7914 8068 8082 8139 8164 8169 8268 8290 8328 8371 8434 8441 8455 8513 8528 8662 8836 8840 8871 8910 8937 9041 9169 9443 9475 9538 9545 9617 9630 9690 9708 9722 9810 9830 9863 9869 10018 10179 10181 10210 10257 10277 10446 10683 10713 10809 10815 10823 10893 10983 10986 11041 11047 11095 11115 11117 11134 11160 11227 11258 11274 11377 11512 11545 11627 11710 11740 11795 11921 12015 12040 12070 12310 12345 12385 12424 12561 12605 12663 12665 12679 12685 14294 14340 14356 14416 14417 14458 14465 14471 14513 14529 14537 14569 14570 14595 14620 14637 14652 14712 14713 14748 14749 14750 14766 14794 14804 14823 14852 14853 14871 14891 14892 14904 14915 14934 14942 14950 14975 15000 15047 15062 15063 15064 15090 15091 15103 15166 15174 15182 15183 15197 15210 15220 15269 15279 15308 15318 15319 15351 15352 15353 15368 15421 15469 15476 15490 15491 15503 15504 15523 15524 15525 15597 15617 15639 15672 15684 15706 15724 15738 15752 15808 15824 15849 15893 15894 15918 15929 15942 15961 16037 16038 16051 16073 16074 16088 16114 16136 16137 16150 16165 16166 16175 16196 16208 16209 16302 16329 16341 16350 16367 16386 16408 16426 16427 16527 16540 16541 16555 16600 16614 16638 16649 16650 16666 16680 16711 16756 16757 16767 16784 16785 16819 16856 16871 16883 16904 16915 16935 16980 16981 16992 16993 17073 17074 17084 17143 17190 17191 17201 17225 17267 17293 17304 17318 17319 17367 17396 
	}

	buildings_max_level_factor=1.000
	local_supplies=0.000
}
