
state={
	id=215
	name="STATE_215"

	history={
		owner = FSR
		add_core_of = FSR

	}

	provinces={
		1070 1269 1378 1403 1504 1751 2031 2639 2901 3145 4134 4215 4320 5082 5156 5320 5677 6313 6638 6766 6786 8104 8398 8400 8437 8777 8899 9431 9512 9731 10115 10466 10606 10712 11021 11320 11454 11538 11972 12200 12247 12408 12418 12668 16460 16561 16594 16604 16631 16704 16736 16746 16790 16800 16847 16885 16896 16925 17008 17035 17078 17102 17122 17149 17150 17186 17196 17197 17227 17256 17273 17328 17379 17480 17497 17549 17569 17601 17602 17683 17708 17743 17837 17880 
	}
	manpower=4100000
	state_category=town
	buildings_max_level_factor=1.000
	local_supplies=0.000
}
