
state={
	id=217
	name="STATE_217"
	manpower=30000000
	state_category=metropolis

	resources={
		oil = 10
		aluminium = 10
		rubber = 10
		tungsten = 10
		steel = 10
		chromium = 10
	}

	history={
		owner = NLP
		add_core_of = NLP

		victory_points = {
			11528 20 
		}
		victory_points = {
			15784 30 
		}
		victory_points = {
			12572 20 
		}
		victory_points = {
			5531 20 
		}
		victory_points = {
			14858 20 
		}
		victory_points = {
			65 20 
		}
		victory_points = {
			4435 20 
		}
		victory_points = {
			13630 20 
		}

		buildings = {
			infrastructure = 3
			arms_factory = 3
			industrial_complex = 5
			air_base = 7
			dockyard = 2
			13630 = {
				naval_base = 6

			}
			65 = {
				naval_base = 6

			}
			14535 = {
				naval_base = 6

			}
			15486 = {
				naval_base = 6

			}
			5514 = {
				naval_base = 6

			}
			8251 = {
				naval_base = 6

			}
			11584 = {
				naval_base = 6

			}

		}

	}

	provinces={
		40 53 65 114 116 180 194 203 217 299 361 536 635 784 862 940 1012 1060 1103 1163 1277 1279 1344 1356 1402 1494 1548 1555 1594 1634 1707 1725 1779 1861 1934 1940 2113 2141 2145 2202 2259 2262 2264 2467 2476 2506 2513 2522 2620 2770 2806 2971 2979 3044 3084 3152 3224 3246 3252 3298 3327 3430 3436 3492 3611 3651 3663 3666 3683 3701 3791 3793 3802 3806 3860 3870 3881 3894 3928 3933 3983 3992 4035 4100 4189 4289 4290 4343 4350 4408 4435 4441 4618 4633 4689 4716 4732 4734 4943 4954 4984 5111 5133 5199 5318 5322 5437 5440 5441 5467 5475 5514 5531 5565 5635 5675 5696 5789 6002 6111 6247 6338 6342 6459 6532 6711 6761 6787 6857 6959 6966 7023 7052 7054 7159 7434 7439 7468 7545 7636 7748 7792 7827 7830 7859 7874 7911 7966 8129 8140 8197 8214 8251 8270 8277 8283 8571 8621 8645 8665 8669 8799 8878 8950 8951 8971 9001 9129 9138 9195 9339 9389 9394 9550 9602 9604 9611 9618 9628 9750 9806 9818 9828 9900 9912 9977 10000 10110 10265 10287 10308 10319 10359 10365 10382 10437 10451 10452 10458 10465 10502 10560 10593 10623 10644 10704 10711 10729 10787 10818 10884 10903 10904 10925 10926 10949 10957 10988 11005 11164 11183 11196 11209 11231 11246 11304 11379 11400 11437 11527 11528 11584 11586 11605 11615 11784 11825 11845 11866 11932 11954 12047 12064 12234 12262 12294 12337 12389 12420 12434 12512 12534 12564 12572 12589 12620 13446 13477 13630 13641 13646 13750 13776 13786 13823 13832 13839 13867 13903 13904 13916 13988 13989 13994 14007 14036 14044 14052 14063 14077 14097 14128 14145 14150 14161 14169 14185 14206 14233 14246 14290 14291 14298 14299 14319 14352 14353 14361 14362 14369 14378 14379 14380 14390 14405 14434 14435 14454 14455 14468 14476 14477 14489 14495 14496 14534 14535 14544 14545 14546 14553 14566 14573 14578 14585 14586 14608 14609 14618 14668 14676 14687 14688 14699 14719 14743 14757 14764 14789 14790 14791 14800 14817 14818 14830 14831 14858 14866 14867 14889 14896 14910 14939 14947 14961 14973 14982 14995 14996 15002 15003 15004 15028 15042 15043 15057 15058 15059 15078 15087 15088 15096 15110 15155 15156 15163 15179 15192 15193 15202 15203 15232 15246 15247 15248 15261 15291 15306 15314 15326 15347 15348 15388 15389 15402 15415 15447 15448 15464 15473 15485 15486 15499 15509 15518 15545 15546 15555 15565 15566 15577 15591 15592 15605 15615 15630 15631 15653 15668 15692 15702 15734 15747 15762 15763 15776 15784 15785 15786 15802 15817 15818 15831 15858 15872 15873 15874 15889 15890 15903 15912 15935 15953 15954 15970 16009 16010 16045 16046 16070 16083 16095 16158 16179 16180 16190 16258 16275 16286 16287 16296 16307 16321 16322 16323 16362 16363 16418 16419 16439 16451 16463 16480 16481 16493 16494 16503 16518 16548 16549 16563 16607 16634 16777 16802 16814 16828 16829 16849 16897 16926 16945 16946 30166 30176 
	}

	buildings_max_level_factor=1.000
	local_supplies=0.000
}
