
state={
	id=220
	name="STATE_220"
	manpower=100000000
	state_category=metropolis

	resources={
		oil = 10
		aluminium = 10
		rubber = 10
		tungsten = 10
		steel = 10
		chromium = 10
	}

	history={
		owner = KRL
		add_core_of = KRL

		victory_points = {
			17382 30 
		}
		victory_points = {
			11976 20 
		}
		victory_points = {
			18592 20 
		}
		victory_points = {
			17789 20 
		}
		victory_points = {
			17236 20 
		}
		victory_points = {
			15993 20 
		}
		victory_points = {
			17113 20 
		}
		victory_points = {
			16385 20 
		}
		victory_points = {
			16221 20 
		}
		victory_points = {
			15773 20 
		}
		victory_points = {
			5327 20 
		}


		buildings = {
			infrastructure = 3
			arms_factory = 3
			industrial_complex = 5
			air_base = 7

		}

	}

	provinces={
		68 107 147 154 211 257 392 485 492 659 698 710 712 735 758 786 860 922 989 1025 1026 1081 1091 1120 1121 1178 1186 1187 1313 1319 1475 1543 1659 1680 1742 1769 1781 1824 1837 1909 1992 2125 2151 2167 2182 2224 2331 2369 2415 2438 2554 2561 2585 2601 2649 2678 2681 2685 2696 2744 2834 2873 2889 2929 2958 2963 3013 3087 3090 3116 3166 3187 3258 3318 3446 3515 3541 3630 3665 3788 3832 3943 4036 4178 4182 4243 4313 4398 4414 4422 4442 4474 4516 4522 4553 4564 4591 4611 4613 4616 4620 4707 4754 4767 4853 4968 4997 5090 5093 5134 5149 5241 5259 5272 5327 5342 5436 5481 5508 5534 5604 5616 5645 5665 5673 5741 5836 5877 5997 6018 6107 6169 6233 6288 6303 6314 6359 6363 6383 6409 6500 6505 6573 6585 6590 6612 6686 6696 6703 6712 6818 6823 6824 6835 6886 6929 6972 6980 6989 7001 7038 7177 7236 7256 7259 7314 7350 7361 7420 7438 7449 7465 7527 7563 7645 7711 7729 7777 7818 7833 7869 7896 7932 7934 7947 7968 7987 8007 8117 8134 8147 8185 8216 8254 8260 8287 8289 8373 8433 8440 8485 8486 8574 8634 8648 8655 8667 8731 8753 8760 8860 8880 8887 8938 9044 9088 9104 9202 9204 9263 9296 9314 9318 9332 9377 9379 9395 9419 9452 9485 9488 9508 9515 9523 9567 9576 9658 9674 9772 9781 9842 9872 9873 9953 9973 9986 10016 10025 10053 10057 10176 10235 10263 10292 10307 10330 10335 10381 10418 10419 10435 10547 10574 10673 10675 10732 10783 10796 10817 10822 11020 11056 11071 11126 11135 11149 11152 11321 11330 11342 11407 11427 11455 11500 11562 11566 11655 11687 11722 11762 11860 11865 11902 11903 11912 11973 11976 12019 12058 12090 12109 12225 12266 12282 12300 12304 12309 12343 12368 12449 12474 12524 12536 12539 12544 12661 12674 12675 14480 14536 14711 14775 14811 14839 14902 14903 14914 14925 14986 15017 15089 15101 15102 15131 15208 15209 15219 15268 15278 15350 15365 15366 15367 15394 15420 15453 15454 15467 15468 15502 15514 15515 15569 15581 15608 15626 15671 15683 15695 15696 15705 15722 15723 15737 15772 15773 15778 15779 15792 15805 15806 15807 15823 15847 15848 15862 15877 15907 15928 15940 15941 15959 15960 15973 15974 15993 16004 16014 16049 16050 16064 16065 16072 16087 16112 16113 16127 16128 16135 16174 16195 16206 16207 16220 16221 16237 16238 16239 16261 16280 16310 16327 16328 16366 16385 16425 16455 16471 16472 16473 16487 16488 16508 16509 16524 16525 16526 16569 16586 16598 16599 16612 16613 16665 16679 16696 16697 16710 16725 16726 16742 16753 16754 16755 16794 16795 16808 16818 16835 16836 16837 16869 16881 16882 16890 16901 16902 16914 16934 16965 16990 16991 17014 17026 17043 17072 17106 17113 17114 17126 17141 17142 17166 17178 17179 17189 17200 17224 17236 17237 17238 17248 17249 17265 17277 17315 17316 17317 17337 17375 17382 17394 17416 17417 17418 17427 17428 17443 17453 17469 17470 17471 17491 17500 17526 17527 17536 17561 17562 17574 17575 17595 17596 17620 17621 17622 17655 17656 17673 17688 17689 17700 17712 17713 17727 17769 17774 17788 17789 17790 17803 17842 17843 17857 17858 17868 17895 17918 17930 17937 17938 17969 17970 17971 17972 17973 17989 18026 18027 18062 18063 18064 18079 18080 18093 18102 18122 18138 18139 18140 18166 18184 18185 18192 18193 18213 18261 18262 18284 18285 18335 18336 18358 18372 18382 18401 18440 18441 18453 18493 18513 18565 18577 18591 18592 18628 18629 18630 18669 18670 18722 18737 18738 18749 18763 18764 18862 18863 18916 18930 18966 18967 18983 18992 19002 19038 19039 19050 19095 19119 19190 19191 19192 19210 19286 19296 19348 19375 19405 19444 19503 30200 
	}

	buildings_max_level_factor=1.000
	local_supplies=0.000
}
