
state={
	id=223
	name="STATE_223"

	history={
		owner = FSR
		add_core_of = FSR

	}

	provinces={
		18 62 149 446 759 839 983 1167 1194 1309 1330 1357 2017 2917 3524 3527 3584 3977 4515 4697 6180 6558 6728 6945 7163 7221 7400 7495 8425 8488 9022 9323 9549 10084 11357 12111 12137 13031 13037 13066 13084 13090 13123 13132 13142 13157 13170 13171 13173 13182 13185 13186 13190 13201 13225 13234 13284 22474 22475 22476 30119 30124 
	}
	manpower=500000
	state_category=town
	buildings_max_level_factor=1.000
	local_supplies=0.000
}
