
state={
	id=227
	name="STATE_227"
	manpower=30000000
	state_category=metropolis

	resources={
		oil = 10
		aluminium = 10
		rubber = 10
		tungsten = 10
		steel = 10
		chromium = 10
	}

	history={
		owner = ADA
		add_core_of = ADA

		victory_points = {
			3897 30 
		}
		victory_points = {
			17041 20 
		}
		victory_points = {
			9639 20 
		}


		buildings = {
			infrastructure = 3
			arms_factory = 3
			industrial_complex = 5
			air_base = 7

		}

	}

	provinces={
		45 596 627 807 891 1077 1174 1468 1540 1575 1590 1602 2071 2241 2547 2638 2897 3398 3428 3461 3897 3913 4164 4294 4505 4788 4822 5135 5204 5230 5485 5824 5872 5929 6061 6062 6083 6264 6655 6689 7128 7316 7341 7639 7679 7876 7881 7898 8000 8081 8093 8135 8515 8684 8750 8786 8886 8962 9096 9101 9196 9362 9385 9509 9639 9825 9984 10200 10341 10510 10596 10624 10643 10821 11207 11410 11446 11508 11594 11595 12091 12364 12445 12462 12542 16124 16219 16469 16497 16522 16523 16610 16637 16664 16694 16695 16723 16752 16782 16783 16807 16833 16854 16868 16899 16900 16913 16951 16952 16962 17025 17040 17041 17056 17091 17111 17112 17125 17140 17165 17233 17234 17235 17264 17276 17292 17313 17335 17352 17353 17373 17374 17393 17415 17426 17459 17512 17523 17524 17525 17535 17560 17573 17593 17594 17610 17629 17630 17631 17653 17654 17686 17687 17711 17724 17725 17726 17740 17768 17786 17815 17816 17817 17818 17856 17867 17893 17894 17901 17916 17948 17965 17966 17967 17968 17987 18018 18060 18061 18078 18121 18130 18165 18180 18181 18212 18267 18268 18283 18303 
	}

	buildings_max_level_factor=1.000
	local_supplies=0.000
}
