
state={
	id=229
	name="STATE_229"
	manpower=30000000
	state_category=metropolis

	resources={
		oil = 10
		aluminium = 10
		rubber = 10
		tungsten = 10
		steel = 10
		chromium = 10
	}

	history={
		owner = GLI
		add_core_of = GLI

		victory_points = {
			19697 30 
		}
		victory_points = {
			18884 20 
		}

		buildings = {
			infrastructure = 3
			arms_factory = 3
			industrial_complex = 5
			air_base = 7

		}

	}

	provinces={
		36 293 665 716 745 820 1295 1457 1525 1714 2055 2222 2477 2520 2695 2764 2765 2798 2887 2942 2965 3108 3167 3180 3737 3784 3955 3956 3966 4024 4029 4124 4150 4203 4280 4573 4604 4891 4971 5002 5167 5466 5627 5840 5956 6011 6134 6229 6269 6275 6684 6702 7265 7443 7665 7806 7891 8396 8705 8933 8984 9156 9189 9215 9261 9454 9510 9526 9574 9672 9889 10122 10363 10526 10541 10808 10916 11009 11010 11080 11240 11325 11362 11526 11621 11763 11819 11955 12027 12152 12162 12251 12409 12518 12535 12636 12637 17787 17917 17929 17988 18039 18137 18182 18183 18253 18258 18259 18260 18277 18334 18342 18343 18371 18381 18429 18451 18452 18511 18512 18550 18611 18612 18627 18709 18736 18762 18779 18788 18797 18798 18846 18861 18875 18884 18898 18906 18915 18939 18940 18964 18965 19049 19072 19073 19094 19118 19128 19154 19166 19174 19175 19176 19203 19220 19266 19273 19274 19284 19285 19295 19305 19346 19347 19373 19374 19390 19404 19417 19457 19537 19548 19557 19585 19656 19657 19658 19668 19677 19697 19719 19741 19760 19769 19777 19802 19836 19880 19881 19885 19915 19935 19977 20025 20054 20067 20081 20100 20173 20259 20273 20305 
	}

	buildings_max_level_factor=1.000
	local_supplies=0.000
}
