
state={
	id=230
	name="STATE_230"

	history={
		owner = FSR
		add_core_of = FSR

	}

	provinces={
		75 130 450 565 584 597 608 650 926 1053 1102 1176 1273 1499 1524 1553 1806 1926 1986 2158 2218 2260 2277 2508 2657 2782 3039 3535 3720 3740 4572 4725 4731 4800 5257 5752 6634 6867 7229 7268 7640 8122 8246 9447 9458 9782 10278 10974 11176 11779 12067 12469 12475 12602 12715 12716 12717 12718 12721 12725 12732 12734 12756 12764 12774 29795 29860 29902 
	}
	manpower=300000
	state_category=town
	buildings_max_level_factor=1.000
	local_supplies=0.000
}
