state={
	id=232
	name="STATE_232"
	manpower=50000000
	state_category=metropolis

	resources={
		aluminium = 4
		tungsten = 10
	}

	history={
		owner = SSA
		add_core_of = SSA

		victory_points = {
			3499 30 
		}
		victory_points = {
			19144 22 
		}

		buildings = {
			infrastructure = 3
			arms_factory = 3
			industrial_complex = 5
			air_base = 7
			dockyard = 2
			3499 = {
				naval_base = 6

			}
			19571 = {
				naval_base = 4

			}
			18852 = {
				naval_base = 5

			}
		}
	}

	provinces={
		805 1051 1437 1657 1705 1948 1977 2091 2149 2628 2785 3034 3144 3303 3499 4597 4801 4861 5264 5367 5519 5621 5693 5704 5880 5972 6021 6272 6460 6606 6880 6916 7078 7315 7396 7453 7755 7786 7885 7921 7997 8028 8070 8095 8205 8479 8820 8927 8945 8997 9187 9232 9531 9742 9876 9890 9906 10024 10074 10228 10456 10668 10793 11162 11292 11520 11626 11701 11703 12079 12220 18273 18354 18376 18483 18651 18652 18793 18806 18852 18869 18879 18953 18954 18974 18975 18995 19043 19057 19064 19065 19088 19089 19099 19111 19134 19144 19145 19160 19185 19198 19199 19230 19254 19290 19291 19300 19301 19302 19318 19352 19353 19371 19381 19399 19412 19425 19437 19465 19476 19482 19483 19484 19516 19530 19542 19559 19571 19592 19619 19647 19683 19684 19724 19725 19796 19911 19939 19972 19990 
	}

	buildings_max_level_factor=1.000
}
