
state={
	id=233
	name="STATE_233"
	manpower=160000000
	state_category=metropolis

	resources={
		oil = 10
		aluminium = 10
		rubber = 10
		tungsten = 10
		steel = 10
		chromium = 10
	}

	history={
		owner = HIJ
		add_core_of = HIJ

		victory_points = {
			20356 30 
		}
		victory_points = {
			8020 20 
		}
		victory_points = {
			20718 20 
		}
		victory_points = {
			10491 20 
		}
		victory_points = {
			9753 20 
		}
		victory_points = {
			19535 20 
		}
		victory_points = {
			19037 20 
		}
		victory_points = {
			2111 20 
		}
		victory_points = {
			19163 20 
		}
		victory_points = {
			10172 20 
		}
		victory_points = {
			5860 20 
		}
		victory_points = {
			1754 20 
		}
		victory_points = {
			7226 20 
		}
		victory_points = {
			21286 20 
		}
		victory_points = {
			20817 20 
		}

		buildings = {
			infrastructure = 3
			arms_factory = 3
			industrial_complex = 5
			air_base = 7
			dockyard = 2
			7226 = {
				naval_base = 6

			}
			21388 = {
				naval_base = 6

			}
			21562 = {
				naval_base = 6

			}
			20802 = {
				naval_base = 6

			}
			10172 = {
				naval_base = 6

			}
			8175 = {
				naval_base = 6

			}
			8020 = {
				naval_base = 6

			}
			19740 = {
				naval_base = 6

			}
			20378 = {
				naval_base = 6

			}
			7790 = {
				naval_base = 6

			}

		}

	}

	provinces={
		31 135 141 153 166 215 285 295 304 306 415 544 583 604 653 668 669 684 689 757 833 882 960 1013 1184 1222 1283 1350 1351 1368 1381 1445 1470 1480 1495 1547 1611 1652 1690 1709 1728 1754 1892 1925 1929 1995 2032 2090 2108 2111 2183 2196 2293 2319 2336 2363 2511 2519 2529 2600 2610 2611 2670 2687 2691 2694 2726 2745 2796 2915 2983 3045 3053 3098 3181 3209 3234 3266 3275 3308 3378 3570 3576 3578 3602 3607 3616 3652 3667 3674 3746 3748 3765 3856 3857 3895 3927 3982 3986 3997 4015 4093 4144 4190 4232 4264 4349 4489 4512 4554 4628 4661 4670 4738 4765 4792 4871 4921 4936 4989 4990 5007 5038 5041 5045 5068 5080 5083 5100 5118 5120 5207 5243 5294 5328 5335 5349 5352 5355 5373 5449 5463 5472 5557 5683 5703 5722 5725 5754 5790 5796 5819 5860 5896 5899 5910 5925 5927 5946 5970 5995 6036 6140 6193 6252 6255 6290 6295 6370 6379 6388 6414 6437 6503 6540 6568 6677 6695 6707 6749 6794 6803 6812 6889 6941 7031 7044 7061 7067 7103 7114 7123 7195 7198 7205 7226 7255 7258 7264 7272 7343 7344 7389 7467 7476 7479 7489 7491 7506 7571 7580 7581 7596 7620 7653 7655 7670 7703 7708 7737 7752 7790 7805 7837 7848 7870 7892 7895 7931 7933 7952 7963 7983 7990 7991 7993 8020 8039 8096 8114 8157 8175 8226 8426 8427 8507 8544 8546 8566 8597 8600 8701 8772 8803 8846 8852 8869 8889 8897 8946 8974 8991 8994 9003 9046 9140 9152 9167 9219 9236 9259 9281 9337 9351 9418 9455 9480 9506 9525 9535 9540 9560 9597 9636 9652 9659 9678 9699 9753 9762 9763 9867 9909 9911 9914 9924 9933 9988 10014 10043 10044 10109 10166 10172 10191 10218 10222 10274 10282 10309 10317 10387 10388 10390 10421 10439 10467 10491 10537 10554 10584 10636 10666 10688 10757 10769 10770 10794 10820 10839 10882 10899 10919 10938 10969 10979 11066 11107 11142 11189 11192 11201 11221 11294 11308 11329 11343 11346 11355 11358 11359 11373 11376 11451 11459 11481 11535 11536 11539 11567 11570 11576 11641 11690 11721 11755 11774 11776 11788 11818 11854 11901 11984 11993 12006 12035 12054 12101 12104 12105 12127 12129 12139 12169 12191 12201 12237 12240 12265 12381 12384 12472 12553 12560 12592 12664 12687 12699 12706 18092 18120 18228 18301 18302 18324 18333 18357 18369 18370 18380 18400 18415 18416 18428 18438 18439 18450 18466 18473 18474 18491 18492 18523 18524 18536 18549 18604 18610 18626 18642 18658 18659 18686 18696 18708 18735 18747 18748 18761 18777 18778 18787 18811 18833 18834 18860 18883 18896 18897 18914 18938 18961 18962 18963 18982 18991 19001 19029 19030 19031 19037 19058 19071 19116 19117 19125 19126 19127 19153 19163 19164 19165 19173 19209 19246 19264 19265 19272 19282 19283 19294 19304 19331 19358 19359 19360 19365 19366 19367 19372 19389 19402 19403 19415 19416 19431 19449 19450 19469 19470 19471 19472 19473 19474 19479 19490 19491 19500 19501 19502 19520 19521 19535 19536 19556 19563 19564 19574 19575 19576 19577 19600 19601 19602 19610 19628 19629 19642 19654 19655 19666 19667 19676 19686 19707 19708 19709 19730 19731 19740 19750 19758 19759 19768 19775 19776 19788 19800 19801 19811 19812 19827 19828 19834 19835 19849 19856 19857 19858 19879 19884 19898 19899 19926 19933 19934 19944 19945 19956 19957 19966 19976 19995 19996 19997 20005 20024 20031 20045 20046 20065 20066 20077 20078 20079 20080 20091 20109 20110 20124 20125 20132 20136 20137 20138 20146 20147 20148 20157 20158 20171 20172 20180 20181 20182 20194 20195 20196 20203 20221 20222 20228 20233 20234 20247 20248 20258 20271 20272 20281 20286 20287 20297 20298 20299 20304 20317 20324 20342 20343 20353 20356 20357 20367 20368 20378 20379 20380 20388 20402 20403 20415 20425 20442 20443 20444 20445 20448 20449 20456 20457 20465 20475 20486 20487 20488 20501 20511 20512 20520 20521 20522 20525 20526 20527 20528 20535 20536 20537 20543 20562 20563 20570 20574 20587 20588 20593 20598 20603 20604 20607 20608 20609 20610 20615 20616 20624 20625 20626 20627 20655 20662 20670 20671 20672 20673 20680 20681 20682 20683 20692 20695 20707 20717 20718 20719 20739 20740 20741 20756 20759 20760 20761 20762 20768 20788 20802 20803 20810 20811 20812 20816 20817 20818 20833 20834 20838 20850 20856 20862 20863 20872 20881 20888 20893 20901 20912 20913 20914 20929 20932 20933 20940 20944 20954 20965 20966 20976 20983 20986 21006 21007 21015 21018 21020 21030 21055 21071 21083 21090 21099 21101 21109 21115 21127 21136 21140 21149 21150 21155 21168 21174 21189 21211 21212 21213 21214 21216 21217 21227 21231 21249 21267 21268 21269 21312 21337 21343 21387 21388 21391 21447 21448 21457 21513 21526 21562 21578 21617 30203 30208 30209 30214 30215 30216 
	}

	buildings_max_level_factor=1.000
	local_supplies=0.000
}
