
state={
	id=234
	name="STATE_234"

	history={
		owner = FSR
		add_core_of = FSR

	}

	provinces={
		84 393 458 658 1056 1459 1784 1944 2759 3225 3296 3307 3432 3681 3717 4023 4129 4149 4381 4869 4967 5404 5426 5462 5510 5566 6245 6380 6616 6758 7028 7181 7623 7888 8035 8077 8384 8756 8813 9019 9058 9500 9619 9637 9858 9866 10077 10427 10503 10695 10723 10734 10754 10922 11102 11170 11345 11563 11876 12149 17695 17783 17862 17910 17993 18004 18014 18015 18109 18127 18128 18150 18157 18158 18231 18240 18241 18251 18255 18294 18295 18296 18328 18345 18408 18409 18410 18411 18423 18433 18462 18503 18504 18543 18544 18556 18600 18621 18622 18637 18638 18703 18704 18705 18718 18743 18772 18773 18774 18821 18839 18854 18870 18871 18872 18881 18890 18891 18926 18976 18988 18996 19034 19100 19147 19172 19239 
	}
	manpower=3000000
	state_category=town
	buildings_max_level_factor=1.000
	local_supplies=0.000
}
