
state={
	id=238
	name="STATE_238"
	manpower=30000000
	state_category=metropolis

	resources={
		oil = 10
		aluminium = 10
		rubber = 10
		tungsten = 10
		steel = 10
		chromium = 10
	}

	history={
		owner = IMA
		add_core_of = IMA

		victory_points = {
			20086 20 
		}

		buildings = {
			infrastructure = 3
			arms_factory = 3
			industrial_complex = 5
			air_base = 5
			dockyard = 1
			19143 = {
				naval_base = 1
			}

		}

	}

	provinces={
		72 250 468 501 777 802 1448 1530 1595 1823 1950 2258 2539 2878 3251 3609 3845 3919 4246 4828 5103 5122 5132 5165 5390 5433 5525 5544 5776 5844 6316 6775 6841 6969 6988 7140 7605 8344 8353 8903 8939 9139 9462 9840 10093 10354 10373 10454 10790 10927 11044 11288 11534 11558 11669 11670 11772 11952 12069 12083 12142 12678 19143 19268 19370 19618 19682 19736 19745 19840 19882 19930 19931 19951 19962 20010 20011 20050 20086 20087 20117 20152 20167 20189 20190 20217 20231 20244 20255 20280 20311 20312 20320 20321 20396 20397 20399 20400 20406 20436 20484 20491 20498 20546 20547 20560 20565 20566 20567 20568 20591 20596 20612 20622 20629 20654 20660 20669 20687 20694 20703 20737 30218 30220 
	}

	buildings_max_level_factor=1.000
	local_supplies=0.000
}
