
state={
	id=242
	name="STATE_242"
	manpower=30000000
	state_category=metropolis

	resources={
		oil = 10
		aluminium = 10
		rubber = 10
		tungsten = 10
		steel = 10
		chromium = 10
	}

	history={
		owner = MRL
		add_core_of = MRL

		victory_points = {
			21586 20 
		}
		victory_points = {
			21308 30 
		}
		victory_points = {
			21424 20 
		}
		victory_points = {
			21357 20 
		}
		victory_points = {
			20999 20 
		}

		buildings = {
			infrastructure = 3
			arms_factory = 3
			industrial_complex = 5
			air_base = 7
			dockyard = 2
			20736 = {
				naval_base = 6

			}
			1385 = {
				naval_base = 6

			}
			21569 = {
				naval_base = 6

			}
			21424 = {
				naval_base = 6

			}

		}

	}

	provinces={
		33 151 247 274 302 875 910 988 1385 1423 1435 1557 1684 1889 2079 2536 2584 2967 3213 3387 3664 3673 3719 3837 4108 4145 4177 4419 4579 4733 4758 4873 4998 5019 5088 5105 5271 5341 5477 5564 5590 5599 5818 5882 6389 6477 6617 6619 6630 6633 6694 6784 6877 7003 7037 7214 7346 7486 7956 7989 8108 8123 8165 8186 8533 8692 8714 8791 9280 9315 9382 9416 9434 9754 10289 10331 10383 10397 10609 10635 10663 10745 10902 10954 10968 11075 11076 11777 12014 12088 12212 12280 12376 12405 12437 12460 12480 12587 12600 12651 20057 20164 20215 20253 20308 20340 20361 20390 20462 20508 20557 20573 20582 20599 20638 20646 20665 20666 20709 20726 20736 20752 20773 20774 20777 20784 20836 20844 20845 20853 20896 20904 20909 20941 20952 20980 20984 20992 20993 20999 21000 21011 21019 21022 21051 21066 21067 21076 21085 21086 21100 21105 21116 21117 21123 21129 21133 21137 21196 21197 21215 21218 21243 21244 21250 21260 21266 21276 21290 21298 21299 21308 21348 21349 21357 21401 21402 21423 21424 21429 21436 21437 21441 21450 21476 21484 21493 21494 21523 21528 21535 21548 21569 21586 21604 21625 21655 21672 21683 
	}

	buildings_max_level_factor=1.000
	local_supplies=0.000
}
