
state={
	id=245
	name="STATE_245"
	manpower=30000000
	state_category=metropolis

	resources={
		aluminium = 10
		rubber = 10
		tungsten = 10
		steel = 10
		chromium = 10
	}

	history={
		owner = NYB
		add_core_of = NYB

		victory_points = {
			4173 20 
		}
		victory_points = {
			12612 30 
		}
		victory_points = {
			21142 20 
		}
		victory_points = {
			20434 20 
		}

		buildings = {
			infrastructure = 3
			arms_factory = 3
			industrial_complex = 5
			air_base = 7
			dockyard = 2
			20434 = {
				naval_base = 6

			}
			7303 = {
				naval_base = 6

			}
			21124 = {
				naval_base = 6

			}
			21300 = {
				naval_base = 6

			}

		}

	}

	provinces={
		23 51 163 324 331 434 848 889 901 964 1058 1097 1172 1412 1518 1673 1678 1730 1840 2197 2333 2404 2433 2596 2925 2969 3030 3464 3638 3896 3971 4065 4173 4219 4361 4531 4677 4965 5310 5547 5578 5716 5815 5831 6136 6194 6196 6280 6382 6472 6511 6551 6750 6831 6973 7025 7039 7144 7160 7178 7180 7292 7303 7330 7540 7627 7632 7731 7736 7784 7851 7873 7908 7912 8065 8248 8589 8685 8940 9033 9253 9298 9566 9573 9727 9927 10029 10051 10120 10676 10792 10852 10857 10895 10913 10972 11187 11293 11608 11637 11867 11900 11908 11919 11937 12140 12155 12253 12297 12336 12609 12612 12641 19496 19605 19735 19751 19854 19961 20039 20075 20142 20166 20208 20279 20309 20319 20362 20374 20434 20518 20545 20584 20606 20634 20678 20711 20720 20728 20754 20800 20846 20859 20885 20924 20946 20969 20994 21017 21035 21052 21087 21112 21124 21134 21142 21143 21144 21176 21207 21233 21251 21256 21261 21271 21272 21273 21278 21279 21280 21300 21301 21313 21324 21326 21332 21333 21362 21363 21367 21368 21370 21371 21379 21380 21384 21406 21419 21425 21452 21459 21467 21486 21487 21497 21506 21510 21515 21516 21530 21536 21549 21558 21564 21579 21593 21597 21602 21608 21629 21632 21640 21648 21662 21670 21680 21696 21709 21716 21717 21723 21725 21742 30225 
	}

	buildings_max_level_factor=1.000
	local_supplies=0.000
}
