
state={
	id=250
	name="STATE_250"
	manpower=30000000
	state_category=metropolis

	resources={
		oil = 10
		aluminium = 10
		rubber = 10
		tungsten = 10
		steel = 10
		chromium = 10
	}

	history={
		owner = MRB
		add_core_of = MRB

		victory_points = {
			4851 20 
		}
		victory_points = {
			11057 30 
		}
		victory_points = {
			571 20 
		}

		buildings = {
			infrastructure = 3
			arms_factory = 3
			industrial_complex = 5
			air_base = 7

		}

	}

	provinces={
		11 199 381 457 571 642 670 726 1141 1218 1248 1256 1418 1629 1808 1819 1895 2310 2391 2544 2641 2799 3304 3688 3814 3883 3886 3974 4030 4105 4305 4373 4449 4466 4807 4851 5009 5319 5561 5633 5759 6008 6058 6390 6400 6570 6589 6727 6953 7045 7081 7452 7504 7554 7749 8089 8162 8171 8602 8728 8768 8819 9276 9486 9580 9649 9751 9767 9800 10322 10539 10833 11003 11057 11285 11371 11401 11429 11813 12359 12369 21780 21795 21817 21845 21861 21869 21870 21875 21893 21894 21902 21923 21930 21947 21948 21956 21976 21984 22025 22028 22053 22055 22072 22075 22084 22087 22096 22102 22103 22105 22116 22117 22132 22143 22167 22169 22177 22182 22202 22212 
	}

	buildings_max_level_factor=1.000
	local_supplies=0.000
}
