
state={
	id=275
	name="STATE_275"
	provinces={
		155 592 917 1441 2486 2708 3357 3389 3435 4299 4459 4826 4933 5386 5713 5894 5996 6001 6268 6291 7033 7136 7235 7239 7387 7590 7597 8200 8275 8278 8609 8616 8702 8843 9212 9249 9268 9396 9436 9472 9771 9870 10245 10553 10561 10622 10847 10894 11082 11121 11404 11507 11531 11560 11732 11733 11938 12076 12118 12273 12526 12628 15795 16021 16029 16077 16153 16200 16267 16268 16290 16314 16333 16398 16411 16412 16434 16477 16530 16556 16557 16577 16641 16652 16653 16654 16684 16717 16823 16842 16895 16921 16922 16939 17005 17020 17032 17049 17060 17100 17118 17147 17220 17242 17253 17269 17270 17287 17327 17387 17388 17409 17422 17435 17462 17479 17485 17494 17506 17518 17567 17584 17599 17615 17680 17742 17830 
	}
	manpower=6400000
	buildings_max_level_factor=1.000
	local_supplies=0.000
	state_category=city

	history={
		owner = FSR
		add_core_of = FSR

	}
}
