
state={
	id=277
	name="STATE_277"
	provinces={
		38 108 437 644 921 1236 1392 1922 2274 2421 2778 3409 3623 4669 5247 5455 5560 5916 6730 6926 7394 7507 7862 8213 8758 8782 8874 9368 10498 10633 11220 11467 11477 11602 11896 12556 14423 14449 14492 14493 14504 14549 14602 14682 14695 14696 14725 14806 14813 14861 14927 14978 15019 15020 15148 15149 15150 15224 15225 15284 15311 15359 15426 15439 15552 15649 
	}
	manpower=3700000
	buildings_max_level_factor=1.000
	local_supplies=0.000
	state_category=town

	history={
		owner = FSR
		add_core_of = FSR

	}
}
