
state={
	id=278
	name="STATE_278"
	provinces={
		207 473 974 1251 1453 1598 1608 1688 1882 2170 2304 2453 2573 2692 2709 2746 3228 3580 3627 4009 4153 4599 4645 4894 5714 5724 5917 6005 6065 6188 6207 6259 6396 6741 6894 7188 7228 7674 7798 8368 8390 8446 8658 8748 9354 9425 9457 9600 10001 10168 10320 10453 10891 10914 11008 11132 11181 11356 11439 11786 11849 11913 12029 12034 12161 12269 12318 12404 12555 13576 13608 13628 13638 13687 13723 13732 13739 13768 13780 13783 13803 13830 13873 13920 13953 13954 13961 14050 14058 14080 14081 14100 14104 14121 14167 14175 14176 14212 14220 14221 14229 14273 14274 14329 14334 14335 14349 14350 14365 14366 14443 14491 14518 14564 14625 14626 14694 
	}
	manpower=5500000
	state_category=city
	buildings_max_level_factor=1.000
	local_supplies=0.000

	history={
		owner = FSR
		add_core_of = FSR

	}
}
