
state={
	id=279
	name="STATE_279"
	provinces={
		376 451 491 590 600 610 896 1093 1387 1498 1563 1565 1656 1789 2003 2123 2130 2191 2284 2750 3184 3474 3525 4223 4640 5242 5655 5952 6105 6224 7740 7954 8801 9581 9615 9801 10219 10348 10476 10781 11081 12136 12268 12312 12375 12823 12824 12827 12855 12856 12894 12905 12917 12935 12946 12954 13019 13049 13067 
	}
	manpower=1800000
	state_category=city
	buildings_max_level_factor=1.000
	local_supplies=0.000

	history={
		owner = FSR
		add_core_of = FSR

	}
}
