
state={
	id=281
	name="STATE_281"
	provinces={
		188 219 221 401 601 1129 1509 1535 1550 2204 2349 2541 3265 3369 3698 3859 4102 4322 4341 4402 4405 4818 4881 4948 5072 5288 5632 5891 5992 6305 6628 6713 6796 6853 7713 7782 7900 8048 8163 8362 8374 9029 9519 9634 9732 9780 9874 10104 10861 11063 11144 11234 12346 12567 13236 13297 13300 13314 13325 13348 13357 13364 13381 13390 13404 13412 13431 13441 13453 13460 13468 13474 13480 13492 13513 13514 13537 13562 13680 22478 22479 22480 30142 30143 30144 
	}
	manpower=1000000
	state_category=large_town
	buildings_max_level_factor=1.000
	local_supplies=0.000

	history={
		owner = FSR
		add_core_of = FSR

	}
}
