
state={
	id=282
	name="STATE_282"
	provinces={
		305 1265 1293 1442 1616 1623 2177 2715 3200 4273 4632 4785 4865 4885 5595 5867 5942 6044 6095 6152 6271 7029 7766 8031 9042 9070 9366 9831 10339 10590 10772 10827 11133 11589 11619 11671 11950 12032 12373 12388 12407 12482 12576 19509 19594 19595 19607 19620 19648 19703 19716 19717 19726 19737 19783 19797 19809 19810 19822 19823 19895 19920 19973 19985 19991 20012 20013 20019 20020 20060 20061 20106 20107 20119 20120 20134 20153 20169 20191 20192 20201 20219 20245 20268 20293 20302 20303 20316 20341 20349 20366 20375 20384 20423 20439 20474 20492 20500 20519 
	}
	manpower=3400000
	state_category=metropolis
	buildings_max_level_factor=1.000
	local_supplies=0.000

	history={
		owner = FSR
		add_core_of = FSR

	}
}
