
state={
	id=283
	name="STATE_283"
	provinces={
		1386 1478 1862 2698 3543 3641 4569 5222 5280 5630 5715 5936 8091 8367 9738 9930 10163 10230 10370 10742 10802 11006 11891 12002 12537 18264 18355 18500 18501 18502 18542 18587 18635 18636 18680 18717 18771 18807 18853 18880 18902 18947 18955 19023 19024 19044 19045 19146 19231 19255 19454 19466 19467 19477 19485 19543 19572 19573 19693 
	}
	manpower=4400000
	state_category=town
	buildings_max_level_factor=1.000
	local_supplies=0.000

	history={
		owner = FSR
		add_core_of = FSR

	}
}
