
state={
	id=284
	name="STATE_284"
	provinces={
		588 655 779 1083 1362 1562 1663 1710 1955 2265 2383 2950 3263 3288 3347 3379 3741 3851 3989 4521 4580 5480 5762 5934 6010 6225 6462 6521 6614 6627 6676 6863 7324 7492 7552 7604 7928 7959 8244 8664 8673 8833 8963 9160 9311 9410 9411 9720 9954 10086 10188 10384 10546 10850 10975 11055 11639 11647 11652 11680 11692 11704 11723 11751 11831 12050 12499 12505 12598 17464 17519 17533 17568 17586 17626 17647 17659 17660 17696 17707 17718 17736 17754 17762 17763 17772 17773 17809 17810 17835 17836 17878 17879 17887 17888 17911 17933 17958 17994 18005 18047 18056 18072 18073 18086 18110 18131 18151 18159 18173 18188 18209 18242 18297 18298 18309 18329 18330 18365 18377 18412 18424 18434 18435 18505 18522 18530 18545 18546 18547 18557 18558 18681 18682 18683 18808 18840 18841 18927 18948 
	}
	manpower=2700000
	state_category=city
	buildings_max_level_factor=1.000
	local_supplies=0.000

	history={
		owner = FSR
		add_core_of = FSR

	}
}
