
state={
	id=285
	name="STATE_285"
	provinces={
		200 729 788 864 1284 1341 1885 3533 4639 5234 5398 5977 5993 6455 7192 7454 7520 7558 8219 8320 8492 8734 9333 10246 10249 10333 10379 10475 10700 11004 11073 11300 11442 11624 12089 12112 18989 19014 19090 19200 19201 19240 19256 19257 19276 19319 19340 19341 19354 19382 19426 19438 19486 19553 19596 19621 19622 19664 19672 19694 19695 19704 19727 19774 19784 19798 19832 19841 19866 19876 19896 19913 19921 19922 19940 20014 20042 20088 20089 20121 20131 20154 
	}
	manpower=500000
	state_category=town
	buildings_max_level_factor=1.000
	local_supplies=0.000

	history={
		owner = FSR
		add_core_of = FSR

	}
}
