
state={
	id=304
	name="STATE_304"
	provinces={
		55 911 1090 1302 2690 2807 2843 3316 3363 3406 3502 3514 4042 4101 4214 4544 4720 4739 4888 4953 5263 5287 5817 6120 6146 6236 6591 6743 7446 7664 7715 8019 8057 8151 8245 8811 8900 8922 8998 9047 9230 9518 9917 10461 10599 10720 10730 10784 11032 11198 11238 11372 11494 11809 11894 11923 11946 12361 13669 13696 13702 13716 13740 13741 13748 13761 13790 13805 13806 13817 13821 13827 13838 13858 13874 13883 13890 13933 13945 13972 14003 14006 14026 14035 14075 14076 14095 14105 14144 14159 14192 14200 14204 14232 14270 14289 14327 14359 14360 14368 14389 14407 14424 14452 14508 14509 14565 14584 14707 14779 14816 
	}
	manpower=2800000
	state_category=town
	buildings_max_level_factor=1.000
	local_supplies=0.000

	history={
		owner = FSR
		add_core_of = FSR

	}
}
