
state={
	id=305
	name="STATE_305"
	provinces={
		538 783 1920 2209 2599 2752 2863 3158 3249 3999 4115 4168 4534 4775 5282 5293 5474 5582 6119 6234 6277 6278 6752 7290 7405 7503 7840 7946 8234 8428 8459 8687 9301 9862 10009 10034 10119 10124 10484 11157 11266 11614 11659 11674 11823 12393 13857 13958 13964 13971 13986 14022 14043 14061 14062 14072 14094 14134 14157 14158 14183 14244 14245 14263 14269 14277 14281 14297 14312 14336 14432 14433 14451 14462 14467 14487 14499 14522 14532 14540 14551 14552 14606 14658 14735 
	}
	manpower=3900000
	state_category=town
	buildings_max_level_factor=1.000
	local_supplies=0.000

	history={
		owner = FSR
		add_core_of = FSR

	}
}
