
state={
	id=306
	name="STATE_306"
	provinces={
		128 240 537 970 2118 2434 2795 3355 3421 3862 4337 4833 5022 5024 5055 5062 5495 5931 5980 5991 6033 6487 6527 6859 7112 7349 7521 8218 8282 8293 8345 8393 8494 8622 8826 9225 9305 9609 9879 9994 10060 10141 10279 10356 10670 10672 11350 11413 11787 11800 12018 12164 12284 14697 14698 14716 14730 14769 14807 14850 14857 14922 14923 14938 14954 14955 14970 15001 15027 15039 15070 15071 15077 15086 15118 15119 15125 15154 15162 15190 15230 15231 15258 15259 15289 15324 15375 15376 15386 15401 15431 15444 15463 15483 15543 15544 15622 15641 15666 15677 15746 15830 15986 
	}
	manpower=3200000
	state_category=city
	buildings_max_level_factor=1.000
	local_supplies=0.000

	history={
		owner = FSR
		add_core_of = FSR

	}
}
