
state={
	id=307
	name="STATE_307"
	provinces={
		6 631 1119 1376 1818 2398 2923 3150 3339 3798 4481 4672 4816 4841 5069 5142 5523 5569 5641 5660 5955 6377 6517 6954 7013 7284 7424 7821 7838 8225 8458 8549 8743 8802 8853 8873 8948 9184 9347 9502 9578 9682 10286 10417 10923 11052 11380 11770 12400 12459 12477 12484 12638 12708 15430 15442 15531 15562 15590 15665 15701 15769 15783 15800 15829 15886 15924 15931 15983 16042 16067 16081 16092 16093 16121 16131 16169 16189 16215 16256 16306 16318 16337 16360 16376 16399 16400 16449 16515 16516 16517 16544 16617 16618 16632 16633 16687 16688 16737 16747 16763 16776 16825 16878 16943 16972 16973 16986 16987 17009 17051 17089 
	}
	manpower=4700000
	state_category=city
	buildings_max_level_factor=1.000
	local_supplies=0.000

	history={
		owner = FSR
		add_core_of = FSR

	}
}
