
state={
	id=308
	name="STATE_308"
	provinces={
		954 1072 1421 1487 1588 2208 2408 2895 2951 3478 3794 3976 4002 4949 5229 5279 5473 5733 5820 7017 7070 7164 7186 7237 7370 7652 7783 8535 8775 9148 9453 9481 10036 10160 10715 10717 11148 11793 11898 11958 12243 12696 14642 14643 14644 14778 14798 14846 14863 14878 14908 14921 14936 14937 14969 14994 15026 15037 15038 15054 15069 15085 15094 15108 15161 15189 15201 15216 15229 15244 15257 15304 15346 15374 15400 15443 15517 15542 15613 15731 
	}
	manpower=1000000
	state_category=town
	buildings_max_level_factor=1.000
	local_supplies=0.000

	history={
		owner = FSR
		add_core_of = FSR

	}
}
