
state={
	id=309
	name="STATE_309"
	provinces={
		255 262 474 656 761 785 959 1243 1375 1450 1551 1836 1974 2360 2443 2581 2664 2749 2810 2872 2956 3074 3099 3338 3767 3780 3874 3964 4092 4555 4577 4874 4980 5339 6078 6198 6641 6802 6871 6909 7089 7260 7474 8116 8224 8408 8524 8699 8771 9134 10153 10241 10473 11023 11754 12181 12926 12963 12990 12999 13050 13080 13098 13106 13108 13125 13149 13206 13213 13239 13257 13262 13269 13273 
	}
	manpower=1600000
	state_category=town
	buildings_max_level_factor=1.000
	local_supplies=0.000

	history={
		owner = FSR
		add_core_of = FSR

	}
}
