
state={
	id=311
	name="STATE_311"
	provinces={
		73 441 662 837 1137 2469 2510 3782 3823 3877 4176 4319 4363 4552 4641 5044 5551 5638 5837 5921 6031 6127 6458 6744 6931 7087 7578 8663 8675 9211 9501 9593 10167 10930 11486 11851 12305 12403 12619 13611 13664 13676 13710 13729 13881 13882 13957 13970 13993 14018 14034 14060 14071 14122 14123 14142 14148 14191 14223 14239 14275 14276 14280 14387 14404 
	}
	manpower=2000000
	state_category=town
	buildings_max_level_factor=1.000
	local_supplies=0.000

	history={
		owner = FSR
		add_core_of = FSR

	}
}
