
state={
	id=312
	name="STATE_312"
	provinces={
		109 1842 2627 2762 2982 3004 3049 3089 3141 4037 4171 4228 4403 4751 4780 5018 5545 5634 5679 5887 6714 7591 7658 7943 8150 8506 8510 8987 9166 10898 11199 11280 12380 13414 13463 13469 13475 13476 13506 13518 13520 13531 13554 13558 13577 13587 13629 13634 13639 13701 13746 13797 13856 13865 13939 13944 
	}
	manpower=2000000
	state_category=town
	buildings_max_level_factor=1.000
	local_supplies=0.000

	history={
		owner = FSR
		add_core_of = FSR

	}
}
