
state={
	id=313
	name="STATE_313"
	provinces={
		356 667 1230 1560 1661 1858 1984 2126 2267 2566 2654 3095 3120 3202 3458 4049 4088 4300 4369 4530 4898 5115 5442 5850 6112 6452 6806 7234 7669 8462 9227 9363 9743 9796 9814 9834 9843 9902 10220 10482 10513 10692 10737 10993 11174 14341 14430 14521 14539 14627 14628 14667 14706 14755 14768 14788 14815 14828 14877 14920 14943 14968 14980 14981 15035 15036 15052 15053 15068 15107 15138 15153 15228 15256 15288 15413 
	}
	manpower=3300000
	state_category=town
	buildings_max_level_factor=1.000
	local_supplies=0.000

	history={
		owner = FSR
		add_core_of = FSR

	}
}
