
state={
	id=314
	name="STATE_314"
	provinces={
		374 462 793 1290 2103 2693 3124 3403 3707 4323 4859 5668 6091 6261 6673 6771 7026 7130 7785 8508 8542 9114 9265 9338 9646 9970 10187 10212 10568 10621 10931 11079 11091 11257 11464 11510 11613 12406 14993 15050 15051 15076 15116 15117 15137 15152 15188 15200 15227 15255 15273 15274 15287 15336 15372 15399 15412 15462 15472 15480 15481 15482 15516 15530 15575 15576 15588 15589 15650 15691 15711 15745 15758 15759 15797 15868 15885 15900 16023 16079 
	}
	manpower=1000000
	state_category=town
	buildings_max_level_factor=1.000
	local_supplies=0.000

	history={
		owner = FSR
		add_core_of = FSR

	}
}
