
state={
	id=315
	name="STATE_315"
	provinces={
		231 1212 1620 1866 2086 2609 2919 3419 3758 4303 4401 4812 5216 5912 6665 6755 7008 7127 7363 8539 8543 8798 9307 9330 9482 9583 10108 10161 10237 10422 10725 10854 11709 11907 12159 12216 12221 12435 16080 16188 16212 16254 16317 16336 16375 16478 16501 16560 16593 16616 16643 16655 16719 16775 16799 16846 16864 16940 16941 16942 17007 17121 17148 17221 17255 17359 17389 
	}
	manpower=1100000
	state_category=town
	buildings_max_level_factor=1.000
	local_supplies=0.000

	history={
		owner = FSR
		add_core_of = FSR

	}
}
