
state={
	id=316
	name="STATE_316"
	provinces={
		349 999 1534 2072 2894 3070 3242 3668 4281 4409 5214 5295 5489 5978 6114 6441 7203 7261 7289 8074 8210 8674 8712 8947 8957 9221 9563 10362 10401 10448 10515 10841 11159 11251 12302 12465 15373 15385 15429 15498 15554 15612 15664 15676 15712 15782 15798 15799 15842 15855 15949 15999 16007 16057 16159 16160 16213 16214 16244 16255 16292 16304 16305 16436 16448 
	}
	manpower=1000000
	state_category=city
	buildings_max_level_factor=1.000
	local_supplies=0.000

	history={
		owner = FSR
		add_core_of = FSR

	}
}
