
state={
	id=317
	name="STATE_317"
	provinces={
		553 1182 1632 1794 1805 2161 2479 2512 2576 2713 2836 2853 2970 3278 3454 3519 4061 4180 4525 4662 4719 4794 4817 4867 5147 5454 5730 6029 6341 6928 7419 7858 8015 9240 9993 10143 10324 10483 11790 13097 13103 13107 13119 13121 13144 13152 13242 13266 13272 13301 13303 13339 13349 13354 13358 13418 13437 13438 13442 13451 13481 13493 
	}
	manpower=1200000
	state_category=town
	buildings_max_level_factor=1.000
	local_supplies=0.000

	history={
		owner = FSR
		add_core_of = FSR

	}
}
