
state={
	id=319
	name="STATE_319"
	provinces={
		268 502 1226 1244 1741 2455 2671 3658 3937 4394 4468 4549 4596 6151 6318 6839 6946 7505 7607 7680 7819 8632 9105 9479 9963 9980 10631 11314 11676 12097 12401 14326 14392 14398 14411 14412 14466 14486 14507 14520 14572 14582 14583 14590 14591 14615 14616 14656 14685 14767 14814 14827 14849 14919 14929 30178 30180 
	}
	manpower=10100000
	state_category=metropolis
	buildings_max_level_factor=1.000
	local_supplies=0.000

	history={
		owner = FSR
		add_core_of = FSR

	}
}
