
state={
	id=321
	name="STATE_321"
	provinces={
		49 296 629 767 849 908 975 2729 2904 3328 3671 3900 4014 4326 4371 4603 5138 5177 5539 5799 5943 6012 6230 6470 6847 6986 7445 7450 7497 7602 7657 7745 8423 8727 9274 9494 9635 9922 10851 10928 11264 11713 11736 12457 13609 13633 13656 13709 13724 13733 13773 13854 13880 13888 13901 13925 13926 13938 13955 13985 13996 14029 14112 14168 
	}
	manpower=3200000
	buildings_max_level_factor=1.000
	local_supplies=0.000
	state_category=city

	history={
		owner = FSR
		add_core_of = FSR

	}
}
