
state={
	id=323
	name="STATE_323"
	provinces={
		41 232 1057 1510 1612 1822 1973 2153 2444 2533 2975 3105 3250 3360 3450 3903 4324 4811 4976 5034 5321 5686 6059 6156 6266 6286 6321 6346 6556 6733 6932 6961 7327 7331 7412 7767 7831 8072 8152 8177 8556 8747 9121 9302 9437 9789 9808 9951 9990 10139 10169 10209 10260 10270 10962 11393 11524 11578 11580 11654 11718 11778 11939 12036 12147 12198 12529 12580 12640 15899 15908 16168 16177 16227 16291 16334 16373 16413 16435 16490 16531 16532 16558 16559 16630 16642 16672 16702 16718 16956 17006 17033 17132 17133 17134 17160 17161 17183 17243 17254 17271 17410 17436 17455 17495 17546 17554 17555 17616 17681 17682 17706 17761 17781 17796 17831 17832 17925 17957 18033 18099 18107 18156 18172 18196 18250 18292 18293 18344 18390 18422 18470 18484 18691 18794 
	}
	manpower=5000000
	state_category=city
	buildings_max_level_factor=1.000
	local_supplies=0.000

	history={
		owner = FSR
		add_core_of = FSR

	}
}
