
state={
	id=325
	name="STATE_325"
	provinces={
		377 884 1040 1333 1377 1400 1482 1513 1642 2155 2431 3083 3631 4270 4657 4683 5160 5170 5593 5619 5856 6077 6508 6716 6811 6872 6949 7447 7538 7587 7675 7992 8511 9185 9244 9282 9290 9493 9495 9648 9788 10028 10233 10264 10438 10649 10752 10804 11399 11485 12165 16154 16270 16284 16359 16491 16514 16592 16615 16685 16686 16774 16811 16843 16876 16877 16923 16970 17034 17050 17101 17173 17184 17272 17299 17344 17400 17411 17437 17486 17496 17507 17547 17548 17585 17600 17617 17646 17669 17670 17734 17735 17753 17771 17782 17808 17833 17834 17877 17898 18023 18100 18108 18197 30187 30188 
	}
	manpower=3900000
	state_category=town
	buildings_max_level_factor=1.000
	local_supplies=0.000

	history={
		owner = FSR
		add_core_of = FSR

	}
}
