
state={
	id=326
	name="STATE_326"
	provinces={
		885 1016 1335 1778 3405 3480 3920 4524 5453 5478 5766 6101 6147 6326 6600 7048 7171 7273 7451 8143 8447 9027 9735 9823 9972 10066 10608 10684 10750 10866 11120 11222 11681 11717 11742 11883 12066 12119 12286 12347 12461 12500 15884 15923 15968 16056 16104 16178 16229 16315 16316 16335 16447 16578 16579 16703 16762 16824 16844 16845 16863 16924 16957 16971 16985 16999 17061 17119 17120 17185 17226 17401 17402 17463 17508 
	}
	manpower=1000000
	state_category=town
	buildings_max_level_factor=1.000
	local_supplies=0.000

	history={
		owner = FSR
		add_core_of = FSR

	}
}
