
state={
	id=327
	name="STATE_327"
	provinces={
		1005 1689 1833 2038 2078 2682 3229 3384 3596 4204 4251 4328 4496 4843 4849 5281 5311 5450 6220 6310 6372 7637 7730 8087 8483 8595 8638 8797 8827 9055 9081 9340 9778 9887 10535 10973 11212 11473 11532 11552 11579 11835 11837 11929 12130 12476 14856 14967 14979 14992 15009 15021 15034 15067 15084 15160 15169 15186 15187 15243 15335 15360 15441 15496 15497 15540 15541 15553 15574 15620 15621 15629 15690 15710 15730 15828 15841 15854 15882 15883 16022 16030 16103 16141 16142 16155 
	}
	manpower=400000
	state_category=town
	buildings_max_level_factor=1.000
	local_supplies=0.000

	history={
		owner = FSR
		add_core_of = FSR

	}
}
