
state={
	id=34
	name="STATE_34"
	manpower=30000000
	state_category=metropolis

	resources={
		oil = 10
		aluminium = 10
		rubber = 10
		tungsten = 10
		steel = 10
		chromium = 10
	}

	history={
		owner = FRC
		add_core_of = FRC

		victory_points = {
			2203 20 
		}
		victory_points = {
			20516 30 
		}
		victory_points = {
			21289 20 
		}
		victory_points = {
			20763 20 
		}
		victory_points = {
			19459 20 
		}
		victory_points = {
			18578 20 
		}

		buildings = {
			infrastructure = 3
			arms_factory = 3
			industrial_complex = 5
			air_base = 7
			20516 = {
				naval_base = 4

			}
			20763 = {
				naval_base = 4

			}
			21289 = {
				naval_base = 4

			}

		}

	}

	provinces={
		174 288 535 958 1035 1156 1272 1327 1336 1429 1644 1793 1859 1939 2165 2203 2355 2420 2567 2593 2640 2774 3102 3135 3163 3539 3684 3694 3712 3921 4021 4063 4411 4630 4674 4698 4938 4961 5066 5148 5291 5487 5680 5763 6098 6217 6222 6308 6386 6401 6465 6682 6715 6917 7116 7117 7197 7351 7431 7568 7673 7702 7758 7957 7976 8297 8404 8550 8682 8966 9010 9075 9106 9303 9360 9409 9469 9497 9594 9608 9629 9681 9799 9857 9942 9968 9978 10042 10125 10344 10412 10425 10522 10531 10544 10743 10774 11125 11165 11197 11295 11302 11323 11367 11389 11482 11483 11550 11585 11759 11767 11781 11879 11888 11911 12197 12199 12238 12261 12411 17407 17408 17501 17528 17563 17578 17623 17633 17703 17741 17820 17821 17950 17951 18051 18052 18081 18094 18113 18143 18214 18215 18247 18286 18287 18476 18567 18578 18593 18711 18943 19005 19006 19059 19082 19104 19130 19167 19182 19297 19407 19459 19504 19567 19780 19871 19969 20037 20083 20162 20205 20283 20360 20389 20420 20432 20460 20470 20471 20516 20636 20693 20708 20751 20763 20791 20882 20955 20959 20977 20998 21010 21021 21041 21050 21074 21075 21104 21131 21132 21153 21179 21180 21181 21182 21195 21223 21242 21282 21289 21315 21345 21353 21364 21418 21422 21482 21483 21522 21533 21534 21584 
	}

	buildings_max_level_factor=1.000
	local_supplies=0.000
}
