
state={
	id=37
	name="STATE_37"

	history={
		owner = FSR
		add_core_of = FSR

	}

	provinces={
		32 384 411 459 776 915 1138 1220 1593 1759 1921 2114 2563 2847 2900 3164 3416 3516 4355 4375 4388 4532 5378 5389 5650 5672 8336 9577 10156 10449 10801 10947 12684 12736 12765 12766 12794 12808 12814 12837 29818 29819 29821 29823 29826 29828 29832 29836 29838 29841 29843 29844 29845 29846 29849 29850 29851 29852 29853 29854 29855 29859 29864 29867 29868 29872 29876 29891 29897 29905 29912 29916 29917 29925 29937 29940 29941 29948 29951 29953 29966 29969 29978 
	}
	manpower=1100000
	state_category=city
	buildings_max_level_factor=1.000
	local_supplies=0.000
}
