
state={
	id=46
	name="STATE_46"
	manpower=30000000
	state_category=metropolis

	resources={
		oil = 10
		aluminium = 10
		rubber = 10
		tungsten = 10
		steel = 10
		chromium = 10
	}

	history={
		owner = NLP
		add_core_of = NLP

		victory_points = {
			1195 20 
		}
		victory_points = {
			11301 20 
		}
		victory_points = {
			11591 20 
		}

		buildings = {
			infrastructure = 3
			arms_factory = 3
			industrial_complex = 5
			air_base = 7
			dockyard = 2
			11591 = {
				naval_base = 6

			}
			16402 = {
				naval_base = 6

			}
			16134 = {
				naval_base = 6

			}

		}

	}

	provinces={
		9 253 292 333 614 774 850 971 1032 1078 1143 1195 1197 1391 1393 1461 1668 1702 1749 1795 2022 2402 2457 2460 2635 2644 2788 2907 2973 3038 3136 3191 3211 3226 3231 3286 3329 3362 3444 3451 3487 3579 3628 3635 3640 3710 3825 3838 3873 3916 4052 4091 4163 4276 4351 4382 4507 4691 4787 4797 4872 4987 5035 5162 5429 5532 5726 5812 5861 5863 5903 6003 6072 6126 6178 6213 6241 6302 6307 6378 6448 6555 6648 6671 6753 6904 6942 7035 7066 7084 7173 7241 7295 7403 7500 7501 7569 7575 7577 7661 7733 7929 7970 8018 8052 8208 8272 8307 8325 8343 8358 8397 8465 8555 8724 8864 8915 8925 9109 9124 9210 9223 9295 9449 9654 9677 9687 9694 9901 10088 10164 10374 10566 10585 10601 10705 10849 10959 11077 11136 11301 11318 11324 11327 11349 11365 11386 11391 11537 11544 11591 11620 11685 11827 11889 11968 11997 12008 12060 12150 12168 12291 12334 12488 12495 12557 12565 12595 12613 12660 13601 13612 13697 13735 13743 13822 13828 13859 13866 13891 13915 13934 13935 13940 13965 13968 13987 14012 14019 14023 14027 14082 14096 14106 14135 14136 14137 14149 14160 14184 14205 14224 14271 14306 14313 14314 14330 14337 14338 14351 14453 14475 14488 14494 14533 14541 14542 14543 14592 14607 14629 14630 14634 14645 14646 14647 14648 14659 14675 14686 14708 14717 14718 14731 14736 14742 14756 14763 14780 14799 14836 14837 14847 14851 14864 14865 14879 14880 14881 14895 14909 14930 14944 14945 14946 14960 14971 14972 15010 15011 15040 15041 15055 15056 15072 15073 15095 15109 15120 15139 15170 15178 15191 15217 15245 15260 15275 15276 15290 15305 15313 15325 15337 15387 15414 15432 15445 15446 15484 15508 15564 15603 15604 15614 15651 15652 15667 15714 15715 15732 15733 15760 15761 15775 15801 15814 15815 15816 15844 15845 15857 15870 15871 15887 15888 15909 15910 15911 15933 15934 15951 15952 15969 15987 15988 16000 16008 16024 16059 16069 16082 16094 16134 16144 16156 16157 16201 16217 16218 16246 16257 16273 16274 16293 16294 16347 16361 16401 16402 16438 16479 16533 16605 16673 16674 16748 16813 30171 30174 
	}

	buildings_max_level_factor=1.000
	local_supplies=0.000
}
