
state={
	id=60
	name="STATE_60"
	manpower=5000000
	state_category=town

	resources={
		oil = 14
		steel = 23
	}

	history={
		owner = ARC
		add_core_of = ARC

		victory_points = {
			1671 20 
		}
		victory_points = {
			14527 20 
		}

		buildings = {
			infrastructure = 2

		}

	}

	provinces={
		283 545 832 1369 1671 1720 2824 2948 3203 3348 3351 3729 4116 4249 4429 4863 5065 5252 5457 6421 6466 6529 6764 6789 6816 6826 6968 7317 7395 7485 7772 7945 8581 8752 8912 8968 9007 9118 9171 9255 9331 9537 9711 10477 10496 11016 11058 11236 11440 11635 12120 12185 12487 12491 12523 14343 14363 14381 14382 14426 14479 14512 14526 14527 14528 14554 14555 14587 14632 14660 14678 14700 14745 14760 14765 14770 14793 14809 14869 14884 14898 14899 14900 14924 14948 14998 15006 15013 15029 15060 15074 15097 15128 15157 15158 15195 15206 15294 15316 15417 15434 30177 30179 
	}

	buildings_max_level_factor=1.000
	local_supplies=0.000
}
