
state={
	id=68
	name="STATE_68"
	manpower=30000000
	state_category=metropolis

	resources={
		oil = 10
		aluminium = 10
		rubber = 10
		tungsten = 10
		steel = 10
		chromium = 10
	}

	history={
		owner = ZAE
		add_core_of = ZAE

		victory_points = {
			18431 20 
		}
		victory_points = {
			2380 30 
		}
		victory_points = {
			7282 20 
		}
		victory_points = {
			18935 20 
		}

		buildings = {
			infrastructure = 3
			arms_factory = 3
			industrial_complex = 5
			air_base = 7
			dockyard = 2
			18431 = {
				naval_base = 6

			}
			2380 = {
				naval_base = 6

			}
			7282 = {
				naval_base = 6

			}
			18935 = {
				naval_base = 6

			}

		}

	}
	provinces={
		92 751 876 1029 1095 1258 1325 1383 1539 1546 1692 1966 1988 2018 2159 2200 2285 2380 2435 2441 2504 2987 3204 3299 3932 4233 4279 4342 4359 4396 4737 4779 4866 4897 4956 5005 5011 5075 5114 5125 5240 5274 5359 5647 5664 5710 5911 5968 6157 6195 6358 6418 6456 6842 6878 6947 7036 7141 7154 7162 7170 7282 7309 7339 7418 7513 7828 8059 8098 8126 8274 8276 8337 8623 8640 8696 8810 8989 9026 9037 9149 9164 9238 9252 9310 9361 9433 9660 9886 9991 10052 10301 10316 10432 10733 11096 11203 11291 11396 11408 11506 11633 11688 11716 11895 11931 12031 12049 12245 12317 12352 12392 12446 12510 12569 12658 18221 18351 18352 18375 18388 18420 18431 18432 18460 18480 18481 18482 18521 18529 18554 18585 18598 18599 18606 18617 18618 18619 18634 18648 18649 18650 18676 18677 18678 18679 18689 18690 18701 18727 18728 18742 18752 18753 18754 18769 18770 18805 18817 18818 18819 18820 18830 18850 18878 18888 18889 18924 18925 18934 18935 18952 18987 18994 19020 19033 19042 19055 19056 19062 19076 19086 19098 19110 19121 19122 19142 19159 19169 19170 19197 19226 19227 19228 19252 19253 19267 19288 19289 19316 19326 19327 19350 19351 19369 19379 19380 19481 19497 19498 19508 19528 19551 19591 19606 19644 19691 19752 19766 19808 19830 19865 19874 19893 20095 20115 20116 20209 20216 20230 20310 20382 20413 20435 20473 20497 20559 30212 30213 
	}

	buildings_max_level_factor=1.000
	local_supplies=0.000
}
