
state={
	id=76
	name="STATE_76"
	manpower=30000000
	state_category=metropolis

	resources={
		oil = 20
		aluminium = 10
		rubber = 10
		tungsten = 10
		steel = 10
		chromium = 10
	}

	history={
		owner = ZHO
		add_core_of = ZHO

		victory_points = {
			3677 20 
		}
		victory_points = {
			2172 30 
		}

		buildings = {
			infrastructure = 2
			arms_factory = 3
			industrial_complex = 5
			air_base = 7

		}

	}

	provinces={
		339 360 540 561 647 772 870 899 1075 1160 1240 1349 1463 1529 1591 1625 1637 1906 2172 2215 2340 2470 2545 2790 3100 3173 3255 3309 3399 3534 3537 3656 3677 3738 3759 3847 3849 4259 4277 4311 4498 4743 5060 5081 5137 5387 5388 5401 5556 5577 5902 5915 5964 6267 6300 6510 6586 7015 7306 7422 7425 7493 7622 7771 8142 8196 8391 8414 8567 8744 9125 9157 9194 9234 9381 9542 9915 9960 10013 10027 10174 10291 10295 10416 10431 10691 10765 10880 11247 11458 11503 11648 11712 12078 12096 12135 12370 12432 12639 12673 21675 21702 21739 21749 21754 21762 21778 21806 21807 21819 21821 21836 21842 21847 21852 21855 21862 21866 21867 21871 21876 21880 21889 21899 21910 21911 21926 21938 21943 21949 21957 21962 21965 21969 21972 21981 21987 21997 22001 22018 22040 22043 22046 22068 22074 22100 22136 
	}

	buildings_max_level_factor=1.000
	local_supplies=0.000
}
